3 3 1000.0
4 4 1000.0
5 5 1000.0
9 9 1000.0
10 10 1000.0
11 11 1000.0
15 15 1000.0
16 16 1000.0
17 17 1000.0
21 21 1000.0
22 22 1000.0
23 23 1000.0
69 69 1000.0
70 70 1000.0
71 71 1000.0
72 72 1000.0
73 73 1000.0
74 74 1000.0
75 75 1000.0
76 76 1000.0
77 77 1000.0
78 78 1000.0
79 79 1000.0
80 80 1000.0
81 81 1000.0
82 82 1000.0
83 83 1000.0
129 129 1000.0
130 130 1000.0
131 131 1000.0
132 132 1000.0
133 133 1000.0
134 134 1000.0
135 135 1000.0
136 136 1000.0
137 137 1000.0
138 138 1000.0
139 139 1000.0
140 140 1000.0
141 141 1000.0
142 142 1000.0
143 143 1000.0
144 144 1000.0
145 145 1000.0
146 146 1000.0
147 147 1000.0
148 148 1000.0
149 149 1000.0
150 150 1000.0
151 151 1000.0
152 152 1000.0
153 153 1000.0
154 154 1000.0
155 155 1000.0
156 156 1000.0
157 157 1000.0
158 158 1000.0
174 174 1000.0
175 175 1000.0
176 176 1000.0
177 177 1000.0
178 178 1000.0
179 179 1000.0
180 180 1000.0
181 181 1000.0
182 182 1000.0
183 183 1000.0
184 184 1000.0
185 185 1000.0
186 186 1000.0
187 187 1000.0
188 188 1000.0
612 612 1000.0
613 613 1000.0
614 614 1000.0
615 615 1000.0
616 616 1000.0
617 617 1000.0
618 618 1000.0
619 619 1000.0
620 620 1000.0
621 621 1000.0
622 622 1000.0
623 623 1000.0
624 624 1000.0
625 625 1000.0
626 626 1000.0
627 627 1000.0
628 628 1000.0
629 629 1000.0
630 630 1000.0
631 631 1000.0
632 632 1000.0
633 633 1000.0
634 634 1000.0
635 635 1000.0
636 636 1000.0
637 637 1000.0
638 638 1000.0
639 639 1000.0
640 640 1000.0
641 641 1000.0
642 642 1000.0
643 643 1000.0
644 644 1000.0
645 645 1000.0
646 646 1000.0
647 647 1000.0
648 648 1000.0
649 649 1000.0
650 650 1000.0
651 651 1000.0
652 652 1000.0
653 653 1000.0
654 654 1000.0
655 655 1000.0
656 656 1000.0
657 657 1000.0
658 658 1000.0
659 659 1000.0
660 660 1000.0
661 661 1000.0
662 662 1000.0
663 663 1000.0
664 664 1000.0
665 665 1000.0
666 666 1000.0
667 667 1000.0
668 668 1000.0
669 669 1000.0
670 670 1000.0
671 671 1000.0
672 672 1000.0
673 673 1000.0
674 674 1000.0
675 675 1000.0
676 676 1000.0
677 677 1000.0
678 678 1000.0
679 679 1000.0
680 680 1000.0
681 681 1000.0
682 682 1000.0
683 683 1000.0
684 684 1000.0
685 685 1000.0
686 686 1000.0
687 687 1000.0
688 688 1000.0
689 689 1000.0
690 690 1000.0
691 691 1000.0
692 692 1000.0
693 693 1000.0
694 694 1000.0
695 695 1000.0
696 696 1000.0
697 697 1000.0
698 698 1000.0
699 699 1000.0
700 700 1000.0
701 701 1000.0
702 702 1000.0
703 703 1000.0
704 704 1000.0
705 705 1000.0
706 706 1000.0
707 707 1000.0
708 708 1000.0
709 709 1000.0
710 710 1000.0
711 711 1000.0
712 712 1000.0
713 713 1000.0
