0 0 1000.0
1 1 1000.0
2 2 1000.0
6 6 1000.0
7 7 1000.0
8 8 1000.0
12 12 1000.0
13 13 1000.0
14 14 1000.0
18 18 1000.0
19 19 1000.0
20 20 1000.0
39 39 1000.0
40 40 1000.0
41 41 1000.0
42 42 1000.0
43 43 1000.0
44 44 1000.0
45 45 1000.0
46 46 1000.0
47 47 1000.0
48 48 1000.0
49 49 1000.0
50 50 1000.0
51 51 1000.0
52 52 1000.0
53 53 1000.0
99 99 1000.0
100 100 1000.0
101 101 1000.0
102 102 1000.0
103 103 1000.0
104 104 1000.0
105 105 1000.0
106 106 1000.0
107 107 1000.0
108 108 1000.0
109 109 1000.0
110 110 1000.0
111 111 1000.0
112 112 1000.0
113 113 1000.0
159 159 1000.0
160 160 1000.0
161 161 1000.0
162 162 1000.0
163 163 1000.0
164 164 1000.0
165 165 1000.0
166 166 1000.0
167 167 1000.0
168 168 1000.0
169 169 1000.0
170 170 1000.0
171 171 1000.0
172 172 1000.0
173 173 1000.0
189 189 1000.0
190 190 1000.0
191 191 1000.0
192 192 1000.0
193 193 1000.0
194 194 1000.0
195 195 1000.0
196 196 1000.0
197 197 1000.0
198 198 1000.0
199 199 1000.0
200 200 1000.0
201 201 1000.0
202 202 1000.0
203 203 1000.0
714 714 1000.0
715 715 1000.0
716 716 1000.0
717 717 1000.0
718 718 1000.0
719 719 1000.0
720 720 1000.0
721 721 1000.0
722 722 1000.0
723 723 1000.0
724 724 1000.0
725 725 1000.0
726 726 1000.0
727 727 1000.0
728 728 1000.0
729 729 1000.0
730 730 1000.0
731 731 1000.0
732 732 1000.0
733 733 1000.0
734 734 1000.0
735 735 1000.0
736 736 1000.0
737 737 1000.0
738 738 1000.0
739 739 1000.0
740 740 1000.0
741 741 1000.0
742 742 1000.0
743 743 1000.0
744 744 1000.0
745 745 1000.0
746 746 1000.0
747 747 1000.0
748 748 1000.0
749 749 1000.0
750 750 1000.0
751 751 1000.0
752 752 1000.0
753 753 1000.0
754 754 1000.0
755 755 1000.0
756 756 1000.0
757 757 1000.0
758 758 1000.0
759 759 1000.0
760 760 1000.0
761 761 1000.0
762 762 1000.0
763 763 1000.0
764 764 1000.0
765 765 1000.0
766 766 1000.0
767 767 1000.0
768 768 1000.0
769 769 1000.0
770 770 1000.0
771 771 1000.0
772 772 1000.0
773 773 1000.0
774 774 1000.0
775 775 1000.0
776 776 1000.0
777 777 1000.0
778 778 1000.0
779 779 1000.0
780 780 1000.0
781 781 1000.0
782 782 1000.0
783 783 1000.0
784 784 1000.0
785 785 1000.0
786 786 1000.0
787 787 1000.0
788 788 1000.0
789 789 1000.0
790 790 1000.0
791 791 1000.0
792 792 1000.0
793 793 1000.0
794 794 1000.0
795 795 1000.0
796 796 1000.0
797 797 1000.0
798 798 1000.0
799 799 1000.0
800 800 1000.0
801 801 1000.0
802 802 1000.0
803 803 1000.0
804 804 1000.0
805 805 1000.0
806 806 1000.0
807 807 1000.0
808 808 1000.0
809 809 1000.0
810 810 1000.0
811 811 1000.0
812 812 1000.0
813 813 1000.0
814 814 1000.0
815 815 1000.0
