0 0 1000.0
1 1 1000.0
2 2 1000.0
3 3 1000.0
4 4 1000.0
5 5 1000.0
6 6 1000.0
7 7 1000.0
8 8 1000.0
9 9 1000.0
10 10 1000.0
11 11 1000.0
24 24 1000.0
25 25 1000.0
26 26 1000.0
27 27 1000.0
28 28 1000.0
29 29 1000.0
30 30 1000.0
31 31 1000.0
32 32 1000.0
33 33 1000.0
34 34 1000.0
35 35 1000.0
36 36 1000.0
37 37 1000.0
38 38 1000.0
39 39 1000.0
40 40 1000.0
41 41 1000.0
42 42 1000.0
43 43 1000.0
44 44 1000.0
45 45 1000.0
46 46 1000.0
47 47 1000.0
48 48 1000.0
49 49 1000.0
50 50 1000.0
51 51 1000.0
52 52 1000.0
53 53 1000.0
54 54 1000.0
55 55 1000.0
56 56 1000.0
57 57 1000.0
58 58 1000.0
59 59 1000.0
60 60 1000.0
61 61 1000.0
62 62 1000.0
63 63 1000.0
64 64 1000.0
65 65 1000.0
66 66 1000.0
67 67 1000.0
68 68 1000.0
69 69 1000.0
70 70 1000.0
71 71 1000.0
72 72 1000.0
73 73 1000.0
74 74 1000.0
75 75 1000.0
76 76 1000.0
77 77 1000.0
78 78 1000.0
79 79 1000.0
80 80 1000.0
81 81 1000.0
82 82 1000.0
83 83 1000.0
204 204 1000.0
205 205 1000.0
206 206 1000.0
207 207 1000.0
208 208 1000.0
209 209 1000.0
210 210 1000.0
211 211 1000.0
212 212 1000.0
213 213 1000.0
214 214 1000.0
215 215 1000.0
216 216 1000.0
217 217 1000.0
218 218 1000.0
219 219 1000.0
220 220 1000.0
221 221 1000.0
222 222 1000.0
223 223 1000.0
224 224 1000.0
225 225 1000.0
226 226 1000.0
227 227 1000.0
228 228 1000.0
229 229 1000.0
230 230 1000.0
231 231 1000.0
232 232 1000.0
233 233 1000.0
234 234 1000.0
235 235 1000.0
236 236 1000.0
237 237 1000.0
238 238 1000.0
239 239 1000.0
240 240 1000.0
241 241 1000.0
242 242 1000.0
243 243 1000.0
244 244 1000.0
245 245 1000.0
246 246 1000.0
247 247 1000.0
248 248 1000.0
249 249 1000.0
250 250 1000.0
251 251 1000.0
252 252 1000.0
253 253 1000.0
254 254 1000.0
255 255 1000.0
256 256 1000.0
257 257 1000.0
258 258 1000.0
259 259 1000.0
260 260 1000.0
261 261 1000.0
262 262 1000.0
263 263 1000.0
264 264 1000.0
265 265 1000.0
266 266 1000.0
267 267 1000.0
268 268 1000.0
269 269 1000.0
270 270 1000.0
271 271 1000.0
272 272 1000.0
273 273 1000.0
274 274 1000.0
275 275 1000.0
276 276 1000.0
277 277 1000.0
278 278 1000.0
279 279 1000.0
280 280 1000.0
281 281 1000.0
282 282 1000.0
283 283 1000.0
284 284 1000.0
285 285 1000.0
286 286 1000.0
287 287 1000.0
288 288 1000.0
289 289 1000.0
290 290 1000.0
291 291 1000.0
292 292 1000.0
293 293 1000.0
294 294 1000.0
295 295 1000.0
296 296 1000.0
297 297 1000.0
298 298 1000.0
299 299 1000.0
300 300 1000.0
301 301 1000.0
302 302 1000.0
303 303 1000.0
304 304 1000.0
305 305 1000.0
