0 0 1000.0
1 1 1000.0
2 2 1000.0
3 3 1000.0
4 4 1000.0
5 5 1000.0
12 12 1000.0
13 13 1000.0
14 14 1000.0
15 15 1000.0
16 16 1000.0
17 17 1000.0
24 24 1000.0
25 25 1000.0
26 26 1000.0
27 27 1000.0
28 28 1000.0
29 29 1000.0
30 30 1000.0
31 31 1000.0
32 32 1000.0
33 33 1000.0
34 34 1000.0
35 35 1000.0
36 36 1000.0
37 37 1000.0
38 38 1000.0
84 84 1000.0
85 85 1000.0
86 86 1000.0
87 87 1000.0
88 88 1000.0
89 89 1000.0
90 90 1000.0
91 91 1000.0
92 92 1000.0
93 93 1000.0
94 94 1000.0
95 95 1000.0
96 96 1000.0
97 97 1000.0
98 98 1000.0
144 144 1000.0
145 145 1000.0
146 146 1000.0
147 147 1000.0
148 148 1000.0
149 149 1000.0
150 150 1000.0
151 151 1000.0
152 152 1000.0
153 153 1000.0
154 154 1000.0
155 155 1000.0
156 156 1000.0
157 157 1000.0
158 158 1000.0
159 159 1000.0
160 160 1000.0
161 161 1000.0
162 162 1000.0
163 163 1000.0
164 164 1000.0
165 165 1000.0
166 166 1000.0
167 167 1000.0
168 168 1000.0
169 169 1000.0
170 170 1000.0
171 171 1000.0
172 172 1000.0
173 173 1000.0
408 408 1000.0
409 409 1000.0
410 410 1000.0
411 411 1000.0
412 412 1000.0
413 413 1000.0
414 414 1000.0
415 415 1000.0
416 416 1000.0
417 417 1000.0
418 418 1000.0
419 419 1000.0
420 420 1000.0
421 421 1000.0
422 422 1000.0
423 423 1000.0
424 424 1000.0
425 425 1000.0
426 426 1000.0
427 427 1000.0
428 428 1000.0
429 429 1000.0
430 430 1000.0
431 431 1000.0
432 432 1000.0
433 433 1000.0
434 434 1000.0
435 435 1000.0
436 436 1000.0
437 437 1000.0
438 438 1000.0
439 439 1000.0
440 440 1000.0
441 441 1000.0
442 442 1000.0
443 443 1000.0
444 444 1000.0
445 445 1000.0
446 446 1000.0
447 447 1000.0
448 448 1000.0
449 449 1000.0
450 450 1000.0
451 451 1000.0
452 452 1000.0
453 453 1000.0
454 454 1000.0
455 455 1000.0
456 456 1000.0
457 457 1000.0
458 458 1000.0
459 459 1000.0
460 460 1000.0
461 461 1000.0
462 462 1000.0
463 463 1000.0
464 464 1000.0
465 465 1000.0
466 466 1000.0
467 467 1000.0
468 468 1000.0
469 469 1000.0
470 470 1000.0
471 471 1000.0
472 472 1000.0
473 473 1000.0
474 474 1000.0
475 475 1000.0
476 476 1000.0
477 477 1000.0
478 478 1000.0
479 479 1000.0
480 480 1000.0
481 481 1000.0
482 482 1000.0
483 483 1000.0
484 484 1000.0
485 485 1000.0
486 486 1000.0
487 487 1000.0
488 488 1000.0
489 489 1000.0
490 490 1000.0
491 491 1000.0
492 492 1000.0
493 493 1000.0
494 494 1000.0
495 495 1000.0
496 496 1000.0
497 497 1000.0
498 498 1000.0
499 499 1000.0
500 500 1000.0
501 501 1000.0
502 502 1000.0
503 503 1000.0
504 504 1000.0
505 505 1000.0
506 506 1000.0
507 507 1000.0
508 508 1000.0
509 509 1000.0
