6 6 1000.0
7 7 1000.0
8 8 1000.0
9 9 1000.0
10 10 1000.0
11 11 1000.0
18 18 1000.0
19 19 1000.0
20 20 1000.0
21 21 1000.0
22 22 1000.0
23 23 1000.0
54 54 1000.0
55 55 1000.0
56 56 1000.0
57 57 1000.0
58 58 1000.0
59 59 1000.0
60 60 1000.0
61 61 1000.0
62 62 1000.0
63 63 1000.0
64 64 1000.0
65 65 1000.0
66 66 1000.0
67 67 1000.0
68 68 1000.0
114 114 1000.0
115 115 1000.0
116 116 1000.0
117 117 1000.0
118 118 1000.0
119 119 1000.0
120 120 1000.0
121 121 1000.0
122 122 1000.0
123 123 1000.0
124 124 1000.0
125 125 1000.0
126 126 1000.0
127 127 1000.0
128 128 1000.0
174 174 1000.0
175 175 1000.0
176 176 1000.0
177 177 1000.0
178 178 1000.0
179 179 1000.0
180 180 1000.0
181 181 1000.0
182 182 1000.0
183 183 1000.0
184 184 1000.0
185 185 1000.0
186 186 1000.0
187 187 1000.0
188 188 1000.0
189 189 1000.0
190 190 1000.0
191 191 1000.0
192 192 1000.0
193 193 1000.0
194 194 1000.0
195 195 1000.0
196 196 1000.0
197 197 1000.0
198 198 1000.0
199 199 1000.0
200 200 1000.0
201 201 1000.0
202 202 1000.0
203 203 1000.0
510 510 1000.0
511 511 1000.0
512 512 1000.0
513 513 1000.0
514 514 1000.0
515 515 1000.0
516 516 1000.0
517 517 1000.0
518 518 1000.0
519 519 1000.0
520 520 1000.0
521 521 1000.0
522 522 1000.0
523 523 1000.0
524 524 1000.0
525 525 1000.0
526 526 1000.0
527 527 1000.0
528 528 1000.0
529 529 1000.0
530 530 1000.0
531 531 1000.0
532 532 1000.0
533 533 1000.0
534 534 1000.0
535 535 1000.0
536 536 1000.0
537 537 1000.0
538 538 1000.0
539 539 1000.0
540 540 1000.0
541 541 1000.0
542 542 1000.0
543 543 1000.0
544 544 1000.0
545 545 1000.0
546 546 1000.0
547 547 1000.0
548 548 1000.0
549 549 1000.0
550 550 1000.0
551 551 1000.0
552 552 1000.0
553 553 1000.0
554 554 1000.0
555 555 1000.0
556 556 1000.0
557 557 1000.0
558 558 1000.0
559 559 1000.0
560 560 1000.0
561 561 1000.0
562 562 1000.0
563 563 1000.0
564 564 1000.0
565 565 1000.0
566 566 1000.0
567 567 1000.0
568 568 1000.0
569 569 1000.0
570 570 1000.0
571 571 1000.0
572 572 1000.0
573 573 1000.0
574 574 1000.0
575 575 1000.0
576 576 1000.0
577 577 1000.0
578 578 1000.0
579 579 1000.0
580 580 1000.0
581 581 1000.0
582 582 1000.0
583 583 1000.0
584 584 1000.0
585 585 1000.0
586 586 1000.0
587 587 1000.0
588 588 1000.0
589 589 1000.0
590 590 1000.0
591 591 1000.0
592 592 1000.0
593 593 1000.0
594 594 1000.0
595 595 1000.0
596 596 1000.0
597 597 1000.0
598 598 1000.0
599 599 1000.0
600 600 1000.0
601 601 1000.0
602 602 1000.0
603 603 1000.0
604 604 1000.0
605 605 1000.0
606 606 1000.0
607 607 1000.0
608 608 1000.0
609 609 1000.0
610 610 1000.0
611 611 1000.0
