12 12 1000.0
13 13 1000.0
14 14 1000.0
15 15 1000.0
16 16 1000.0
17 17 1000.0
18 18 1000.0
19 19 1000.0
20 20 1000.0
21 21 1000.0
22 22 1000.0
23 23 1000.0
84 84 1000.0
85 85 1000.0
86 86 1000.0
87 87 1000.0
88 88 1000.0
89 89 1000.0
90 90 1000.0
91 91 1000.0
92 92 1000.0
93 93 1000.0
94 94 1000.0
95 95 1000.0
96 96 1000.0
97 97 1000.0
98 98 1000.0
99 99 1000.0
100 100 1000.0
101 101 1000.0
102 102 1000.0
103 103 1000.0
104 104 1000.0
105 105 1000.0
106 106 1000.0
107 107 1000.0
108 108 1000.0
109 109 1000.0
110 110 1000.0
111 111 1000.0
112 112 1000.0
113 113 1000.0
114 114 1000.0
115 115 1000.0
116 116 1000.0
117 117 1000.0
118 118 1000.0
119 119 1000.0
120 120 1000.0
121 121 1000.0
122 122 1000.0
123 123 1000.0
124 124 1000.0
125 125 1000.0
126 126 1000.0
127 127 1000.0
128 128 1000.0
129 129 1000.0
130 130 1000.0
131 131 1000.0
132 132 1000.0
133 133 1000.0
134 134 1000.0
135 135 1000.0
136 136 1000.0
137 137 1000.0
138 138 1000.0
139 139 1000.0
140 140 1000.0
141 141 1000.0
142 142 1000.0
143 143 1000.0
306 306 1000.0
307 307 1000.0
308 308 1000.0
309 309 1000.0
310 310 1000.0
311 311 1000.0
312 312 1000.0
313 313 1000.0
314 314 1000.0
315 315 1000.0
316 316 1000.0
317 317 1000.0
318 318 1000.0
319 319 1000.0
320 320 1000.0
321 321 1000.0
322 322 1000.0
323 323 1000.0
324 324 1000.0
325 325 1000.0
326 326 1000.0
327 327 1000.0
328 328 1000.0
329 329 1000.0
330 330 1000.0
331 331 1000.0
332 332 1000.0
333 333 1000.0
334 334 1000.0
335 335 1000.0
336 336 1000.0
337 337 1000.0
338 338 1000.0
339 339 1000.0
340 340 1000.0
341 341 1000.0
342 342 1000.0
343 343 1000.0
344 344 1000.0
345 345 1000.0
346 346 1000.0
347 347 1000.0
348 348 1000.0
349 349 1000.0
350 350 1000.0
351 351 1000.0
352 352 1000.0
353 353 1000.0
354 354 1000.0
355 355 1000.0
356 356 1000.0
357 357 1000.0
358 358 1000.0
359 359 1000.0
360 360 1000.0
361 361 1000.0
362 362 1000.0
363 363 1000.0
364 364 1000.0
365 365 1000.0
366 366 1000.0
367 367 1000.0
368 368 1000.0
369 369 1000.0
370 370 1000.0
371 371 1000.0
372 372 1000.0
373 373 1000.0
374 374 1000.0
375 375 1000.0
376 376 1000.0
377 377 1000.0
378 378 1000.0
379 379 1000.0
380 380 1000.0
381 381 1000.0
382 382 1000.0
383 383 1000.0
384 384 1000.0
385 385 1000.0
386 386 1000.0
387 387 1000.0
388 388 1000.0
389 389 1000.0
390 390 1000.0
391 391 1000.0
392 392 1000.0
393 393 1000.0
394 394 1000.0
395 395 1000.0
396 396 1000.0
397 397 1000.0
398 398 1000.0
399 399 1000.0
400 400 1000.0
401 401 1000.0
402 402 1000.0
403 403 1000.0
404 404 1000.0
405 405 1000.0
406 406 1000.0
407 407 1000.0
