0 0 1.0
1 1 1.0
2 2 1.0
3 3 1.0
4 4 1.0
5 5 1.0
6 6 1.0
7 7 1.0
8 8 1.0
9 9 1.0
10 10 1.0
11 11 1.0
24 24 1.0
25 25 1.0
26 26 1.0
27 27 1.0
28 28 1.0
29 29 1.0
30 30 1.0
31 31 1.0
32 32 1.0
33 33 1.0
34 34 1.0
35 35 1.0
36 36 1.0
37 37 1.0
38 38 1.0
39 39 1.0
40 40 1.0
41 41 1.0
42 42 1.0
43 43 1.0
44 44 1.0
45 45 1.0
46 46 1.0
47 47 1.0
48 48 1.0
49 49 1.0
50 50 1.0
51 51 1.0
52 52 1.0
53 53 1.0
54 54 1.0
55 55 1.0
56 56 1.0
57 57 1.0
58 58 1.0
59 59 1.0
60 60 1.0
61 61 1.0
62 62 1.0
63 63 1.0
64 64 1.0
65 65 1.0
66 66 1.0
67 67 1.0
68 68 1.0
69 69 1.0
70 70 1.0
71 71 1.0
72 72 1.0
73 73 1.0
74 74 1.0
75 75 1.0
76 76 1.0
77 77 1.0
78 78 1.0
79 79 1.0
80 80 1.0
81 81 1.0
82 82 1.0
83 83 1.0
204 204 1.0
205 205 1.0
206 206 1.0
207 207 1.0
208 208 1.0
209 209 1.0
210 210 1.0
211 211 1.0
212 212 1.0
213 213 1.0
214 214 1.0
215 215 1.0
216 216 1.0
217 217 1.0
218 218 1.0
219 219 1.0
220 220 1.0
221 221 1.0
222 222 1.0
223 223 1.0
224 224 1.0
225 225 1.0
226 226 1.0
227 227 1.0
228 228 1.0
229 229 1.0
230 230 1.0
231 231 1.0
232 232 1.0
233 233 1.0
234 234 1.0
235 235 1.0
236 236 1.0
237 237 1.0
238 238 1.0
239 239 1.0
240 240 1.0
241 241 1.0
242 242 1.0
243 243 1.0
244 244 1.0
245 245 1.0
246 246 1.0
247 247 1.0
248 248 1.0
249 249 1.0
250 250 1.0
251 251 1.0
252 252 1.0
253 253 1.0
254 254 1.0
255 255 1.0
256 256 1.0
257 257 1.0
258 258 1.0
259 259 1.0
260 260 1.0
261 261 1.0
262 262 1.0
263 263 1.0
264 264 1.0
265 265 1.0
266 266 1.0
267 267 1.0
268 268 1.0
269 269 1.0
270 270 1.0
271 271 1.0
272 272 1.0
273 273 1.0
274 274 1.0
275 275 1.0
276 276 1.0
277 277 1.0
278 278 1.0
279 279 1.0
280 280 1.0
281 281 1.0
282 282 1.0
283 283 1.0
284 284 1.0
285 285 1.0
286 286 1.0
287 287 1.0
288 288 1.0
289 289 1.0
290 290 1.0
291 291 1.0
292 292 1.0
293 293 1.0
294 294 1.0
295 295 1.0
296 296 1.0
297 297 1.0
298 298 1.0
299 299 1.0
300 300 1.0
301 301 1.0
302 302 1.0
303 303 1.0
304 304 1.0
305 305 1.0
