3 3 1.0
4 4 1.0
5 5 1.0
9 9 1.0
10 10 1.0
11 11 1.0
15 15 1.0
16 16 1.0
17 17 1.0
21 21 1.0
22 22 1.0
23 23 1.0
69 69 1.0
70 70 1.0
71 71 1.0
72 72 1.0
73 73 1.0
74 74 1.0
75 75 1.0
76 76 1.0
77 77 1.0
78 78 1.0
79 79 1.0
80 80 1.0
81 81 1.0
82 82 1.0
83 83 1.0
129 129 1.0
130 130 1.0
131 131 1.0
132 132 1.0
133 133 1.0
134 134 1.0
135 135 1.0
136 136 1.0
137 137 1.0
138 138 1.0
139 139 1.0
140 140 1.0
141 141 1.0
142 142 1.0
143 143 1.0
144 144 1.0
145 145 1.0
146 146 1.0
147 147 1.0
148 148 1.0
149 149 1.0
150 150 1.0
151 151 1.0
152 152 1.0
153 153 1.0
154 154 1.0
155 155 1.0
156 156 1.0
157 157 1.0
158 158 1.0
174 174 1.0
175 175 1.0
176 176 1.0
177 177 1.0
178 178 1.0
179 179 1.0
180 180 1.0
181 181 1.0
182 182 1.0
183 183 1.0
184 184 1.0
185 185 1.0
186 186 1.0
187 187 1.0
188 188 1.0
612 612 1.0
613 613 1.0
614 614 1.0
615 615 1.0
616 616 1.0
617 617 1.0
618 618 1.0
619 619 1.0
620 620 1.0
621 621 1.0
622 622 1.0
623 623 1.0
624 624 1.0
625 625 1.0
626 626 1.0
627 627 1.0
628 628 1.0
629 629 1.0
630 630 1.0
631 631 1.0
632 632 1.0
633 633 1.0
634 634 1.0
635 635 1.0
636 636 1.0
637 637 1.0
638 638 1.0
639 639 1.0
640 640 1.0
641 641 1.0
642 642 1.0
643 643 1.0
644 644 1.0
645 645 1.0
646 646 1.0
647 647 1.0
648 648 1.0
649 649 1.0
650 650 1.0
651 651 1.0
652 652 1.0
653 653 1.0
654 654 1.0
655 655 1.0
656 656 1.0
657 657 1.0
658 658 1.0
659 659 1.0
660 660 1.0
661 661 1.0
662 662 1.0
663 663 1.0
664 664 1.0
665 665 1.0
666 666 1.0
667 667 1.0
668 668 1.0
669 669 1.0
670 670 1.0
671 671 1.0
672 672 1.0
673 673 1.0
674 674 1.0
675 675 1.0
676 676 1.0
677 677 1.0
678 678 1.0
679 679 1.0
680 680 1.0
681 681 1.0
682 682 1.0
683 683 1.0
684 684 1.0
685 685 1.0
686 686 1.0
687 687 1.0
688 688 1.0
689 689 1.0
690 690 1.0
691 691 1.0
692 692 1.0
693 693 1.0
694 694 1.0
695 695 1.0
696 696 1.0
697 697 1.0
698 698 1.0
699 699 1.0
700 700 1.0
701 701 1.0
702 702 1.0
703 703 1.0
704 704 1.0
705 705 1.0
706 706 1.0
707 707 1.0
708 708 1.0
709 709 1.0
710 710 1.0
711 711 1.0
712 712 1.0
713 713 1.0
