0 0 1.0
1 1 1.0
2 2 1.0
6 6 1.0
7 7 1.0
8 8 1.0
12 12 1.0
13 13 1.0
14 14 1.0
18 18 1.0
19 19 1.0
20 20 1.0
39 39 1.0
40 40 1.0
41 41 1.0
42 42 1.0
43 43 1.0
44 44 1.0
45 45 1.0
46 46 1.0
47 47 1.0
48 48 1.0
49 49 1.0
50 50 1.0
51 51 1.0
52 52 1.0
53 53 1.0
99 99 1.0
100 100 1.0
101 101 1.0
102 102 1.0
103 103 1.0
104 104 1.0
105 105 1.0
106 106 1.0
107 107 1.0
108 108 1.0
109 109 1.0
110 110 1.0
111 111 1.0
112 112 1.0
113 113 1.0
159 159 1.0
160 160 1.0
161 161 1.0
162 162 1.0
163 163 1.0
164 164 1.0
165 165 1.0
166 166 1.0
167 167 1.0
168 168 1.0
169 169 1.0
170 170 1.0
171 171 1.0
172 172 1.0
173 173 1.0
189 189 1.0
190 190 1.0
191 191 1.0
192 192 1.0
193 193 1.0
194 194 1.0
195 195 1.0
196 196 1.0
197 197 1.0
198 198 1.0
199 199 1.0
200 200 1.0
201 201 1.0
202 202 1.0
203 203 1.0
714 714 1.0
715 715 1.0
716 716 1.0
717 717 1.0
718 718 1.0
719 719 1.0
720 720 1.0
721 721 1.0
722 722 1.0
723 723 1.0
724 724 1.0
725 725 1.0
726 726 1.0
727 727 1.0
728 728 1.0
729 729 1.0
730 730 1.0
731 731 1.0
732 732 1.0
733 733 1.0
734 734 1.0
735 735 1.0
736 736 1.0
737 737 1.0
738 738 1.0
739 739 1.0
740 740 1.0
741 741 1.0
742 742 1.0
743 743 1.0
744 744 1.0
745 745 1.0
746 746 1.0
747 747 1.0
748 748 1.0
749 749 1.0
750 750 1.0
751 751 1.0
752 752 1.0
753 753 1.0
754 754 1.0
755 755 1.0
756 756 1.0
757 757 1.0
758 758 1.0
759 759 1.0
760 760 1.0
761 761 1.0
762 762 1.0
763 763 1.0
764 764 1.0
765 765 1.0
766 766 1.0
767 767 1.0
768 768 1.0
769 769 1.0
770 770 1.0
771 771 1.0
772 772 1.0
773 773 1.0
774 774 1.0
775 775 1.0
776 776 1.0
777 777 1.0
778 778 1.0
779 779 1.0
780 780 1.0
781 781 1.0
782 782 1.0
783 783 1.0
784 784 1.0
785 785 1.0
786 786 1.0
787 787 1.0
788 788 1.0
789 789 1.0
790 790 1.0
791 791 1.0
792 792 1.0
793 793 1.0
794 794 1.0
795 795 1.0
796 796 1.0
797 797 1.0
798 798 1.0
799 799 1.0
800 800 1.0
801 801 1.0
802 802 1.0
803 803 1.0
804 804 1.0
805 805 1.0
806 806 1.0
807 807 1.0
808 808 1.0
809 809 1.0
810 810 1.0
811 811 1.0
812 812 1.0
813 813 1.0
814 814 1.0
815 815 1.0
