12 12 1.0
13 13 1.0
14 14 1.0
15 15 1.0
16 16 1.0
17 17 1.0
18 18 1.0
19 19 1.0
20 20 1.0
21 21 1.0
22 22 1.0
23 23 1.0
84 84 1.0
85 85 1.0
86 86 1.0
87 87 1.0
88 88 1.0
89 89 1.0
90 90 1.0
91 91 1.0
92 92 1.0
93 93 1.0
94 94 1.0
95 95 1.0
96 96 1.0
97 97 1.0
98 98 1.0
99 99 1.0
100 100 1.0
101 101 1.0
102 102 1.0
103 103 1.0
104 104 1.0
105 105 1.0
106 106 1.0
107 107 1.0
108 108 1.0
109 109 1.0
110 110 1.0
111 111 1.0
112 112 1.0
113 113 1.0
114 114 1.0
115 115 1.0
116 116 1.0
117 117 1.0
118 118 1.0
119 119 1.0
120 120 1.0
121 121 1.0
122 122 1.0
123 123 1.0
124 124 1.0
125 125 1.0
126 126 1.0
127 127 1.0
128 128 1.0
129 129 1.0
130 130 1.0
131 131 1.0
132 132 1.0
133 133 1.0
134 134 1.0
135 135 1.0
136 136 1.0
137 137 1.0
138 138 1.0
139 139 1.0
140 140 1.0
141 141 1.0
142 142 1.0
143 143 1.0
306 306 1.0
307 307 1.0
308 308 1.0
309 309 1.0
310 310 1.0
311 311 1.0
312 312 1.0
313 313 1.0
314 314 1.0
315 315 1.0
316 316 1.0
317 317 1.0
318 318 1.0
319 319 1.0
320 320 1.0
321 321 1.0
322 322 1.0
323 323 1.0
324 324 1.0
325 325 1.0
326 326 1.0
327 327 1.0
328 328 1.0
329 329 1.0
330 330 1.0
331 331 1.0
332 332 1.0
333 333 1.0
334 334 1.0
335 335 1.0
336 336 1.0
337 337 1.0
338 338 1.0
339 339 1.0
340 340 1.0
341 341 1.0
342 342 1.0
343 343 1.0
344 344 1.0
345 345 1.0
346 346 1.0
347 347 1.0
348 348 1.0
349 349 1.0
350 350 1.0
351 351 1.0
352 352 1.0
353 353 1.0
354 354 1.0
355 355 1.0
356 356 1.0
357 357 1.0
358 358 1.0
359 359 1.0
360 360 1.0
361 361 1.0
362 362 1.0
363 363 1.0
364 364 1.0
365 365 1.0
366 366 1.0
367 367 1.0
368 368 1.0
369 369 1.0
370 370 1.0
371 371 1.0
372 372 1.0
373 373 1.0
374 374 1.0
375 375 1.0
376 376 1.0
377 377 1.0
378 378 1.0
379 379 1.0
380 380 1.0
381 381 1.0
382 382 1.0
383 383 1.0
384 384 1.0
385 385 1.0
386 386 1.0
387 387 1.0
388 388 1.0
389 389 1.0
390 390 1.0
391 391 1.0
392 392 1.0
393 393 1.0
394 394 1.0
395 395 1.0
396 396 1.0
397 397 1.0
398 398 1.0
399 399 1.0
400 400 1.0
401 401 1.0
402 402 1.0
403 403 1.0
404 404 1.0
405 405 1.0
406 406 1.0
407 407 1.0
