6 6 1.0
7 7 1.0
8 8 1.0
9 9 1.0
10 10 1.0
11 11 1.0
18 18 1.0
19 19 1.0
20 20 1.0
21 21 1.0
22 22 1.0
23 23 1.0
54 54 1.0
55 55 1.0
56 56 1.0
57 57 1.0
58 58 1.0
59 59 1.0
60 60 1.0
61 61 1.0
62 62 1.0
63 63 1.0
64 64 1.0
65 65 1.0
66 66 1.0
67 67 1.0
68 68 1.0
114 114 1.0
115 115 1.0
116 116 1.0
117 117 1.0
118 118 1.0
119 119 1.0
120 120 1.0
121 121 1.0
122 122 1.0
123 123 1.0
124 124 1.0
125 125 1.0
126 126 1.0
127 127 1.0
128 128 1.0
174 174 1.0
175 175 1.0
176 176 1.0
177 177 1.0
178 178 1.0
179 179 1.0
180 180 1.0
181 181 1.0
182 182 1.0
183 183 1.0
184 184 1.0
185 185 1.0
186 186 1.0
187 187 1.0
188 188 1.0
189 189 1.0
190 190 1.0
191 191 1.0
192 192 1.0
193 193 1.0
194 194 1.0
195 195 1.0
196 196 1.0
197 197 1.0
198 198 1.0
199 199 1.0
200 200 1.0
201 201 1.0
202 202 1.0
203 203 1.0
510 510 1.0
511 511 1.0
512 512 1.0
513 513 1.0
514 514 1.0
515 515 1.0
516 516 1.0
517 517 1.0
518 518 1.0
519 519 1.0
520 520 1.0
521 521 1.0
522 522 1.0
523 523 1.0
524 524 1.0
525 525 1.0
526 526 1.0
527 527 1.0
528 528 1.0
529 529 1.0
530 530 1.0
531 531 1.0
532 532 1.0
533 533 1.0
534 534 1.0
535 535 1.0
536 536 1.0
537 537 1.0
538 538 1.0
539 539 1.0
540 540 1.0
541 541 1.0
542 542 1.0
543 543 1.0
544 544 1.0
545 545 1.0
546 546 1.0
547 547 1.0
548 548 1.0
549 549 1.0
550 550 1.0
551 551 1.0
552 552 1.0
553 553 1.0
554 554 1.0
555 555 1.0
556 556 1.0
557 557 1.0
558 558 1.0
559 559 1.0
560 560 1.0
561 561 1.0
562 562 1.0
563 563 1.0
564 564 1.0
565 565 1.0
566 566 1.0
567 567 1.0
568 568 1.0
569 569 1.0
570 570 1.0
571 571 1.0
572 572 1.0
573 573 1.0
574 574 1.0
575 575 1.0
576 576 1.0
577 577 1.0
578 578 1.0
579 579 1.0
580 580 1.0
581 581 1.0
582 582 1.0
583 583 1.0
584 584 1.0
585 585 1.0
586 586 1.0
587 587 1.0
588 588 1.0
589 589 1.0
590 590 1.0
591 591 1.0
592 592 1.0
593 593 1.0
594 594 1.0
595 595 1.0
596 596 1.0
597 597 1.0
598 598 1.0
599 599 1.0
600 600 1.0
601 601 1.0
602 602 1.0
603 603 1.0
604 604 1.0
605 605 1.0
606 606 1.0
607 607 1.0
608 608 1.0
609 609 1.0
610 610 1.0
611 611 1.0
