0 0 1.0
1 1 1.0
2 2 1.0
3 3 1.0
4 4 1.0
5 5 1.0
12 12 1.0
13 13 1.0
14 14 1.0
15 15 1.0
16 16 1.0
17 17 1.0
24 24 1.0
25 25 1.0
26 26 1.0
27 27 1.0
28 28 1.0
29 29 1.0
30 30 1.0
31 31 1.0
32 32 1.0
33 33 1.0
34 34 1.0
35 35 1.0
36 36 1.0
37 37 1.0
38 38 1.0
84 84 1.0
85 85 1.0
86 86 1.0
87 87 1.0
88 88 1.0
89 89 1.0
90 90 1.0
91 91 1.0
92 92 1.0
93 93 1.0
94 94 1.0
95 95 1.0
96 96 1.0
97 97 1.0
98 98 1.0
144 144 1.0
145 145 1.0
146 146 1.0
147 147 1.0
148 148 1.0
149 149 1.0
150 150 1.0
151 151 1.0
152 152 1.0
153 153 1.0
154 154 1.0
155 155 1.0
156 156 1.0
157 157 1.0
158 158 1.0
159 159 1.0
160 160 1.0
161 161 1.0
162 162 1.0
163 163 1.0
164 164 1.0
165 165 1.0
166 166 1.0
167 167 1.0
168 168 1.0
169 169 1.0
170 170 1.0
171 171 1.0
172 172 1.0
173 173 1.0
408 408 1.0
409 409 1.0
410 410 1.0
411 411 1.0
412 412 1.0
413 413 1.0
414 414 1.0
415 415 1.0
416 416 1.0
417 417 1.0
418 418 1.0
419 419 1.0
420 420 1.0
421 421 1.0
422 422 1.0
423 423 1.0
424 424 1.0
425 425 1.0
426 426 1.0
427 427 1.0
428 428 1.0
429 429 1.0
430 430 1.0
431 431 1.0
432 432 1.0
433 433 1.0
434 434 1.0
435 435 1.0
436 436 1.0
437 437 1.0
438 438 1.0
439 439 1.0
440 440 1.0
441 441 1.0
442 442 1.0
443 443 1.0
444 444 1.0
445 445 1.0
446 446 1.0
447 447 1.0
448 448 1.0
449 449 1.0
450 450 1.0
451 451 1.0
452 452 1.0
453 453 1.0
454 454 1.0
455 455 1.0
456 456 1.0
457 457 1.0
458 458 1.0
459 459 1.0
460 460 1.0
461 461 1.0
462 462 1.0
463 463 1.0
464 464 1.0
465 465 1.0
466 466 1.0
467 467 1.0
468 468 1.0
469 469 1.0
470 470 1.0
471 471 1.0
472 472 1.0
473 473 1.0
474 474 1.0
475 475 1.0
476 476 1.0
477 477 1.0
478 478 1.0
479 479 1.0
480 480 1.0
481 481 1.0
482 482 1.0
483 483 1.0
484 484 1.0
485 485 1.0
486 486 1.0
487 487 1.0
488 488 1.0
489 489 1.0
490 490 1.0
491 491 1.0
492 492 1.0
493 493 1.0
494 494 1.0
495 495 1.0
496 496 1.0
497 497 1.0
498 498 1.0
499 499 1.0
500 500 1.0
501 501 1.0
502 502 1.0
503 503 1.0
504 504 1.0
505 505 1.0
506 506 1.0
507 507 1.0
508 508 1.0
509 509 1.0
