5.667085518917609006e+05
3.407064106625827262e+05
3.807796715299712378e+05
5.439240088536592666e+05
6.099607230622575153e+05
8.287734497542144964e+05
6.834585668248523725e+05
7.619492462472890038e+05
5.108932711249138229e+05
4.375873636405047146e+05
7.546029490760387853e+05
4.060094873021056410e+05
6.756553395696687512e+05
4.504111225578562589e+05
7.165937282528546639e+05
2.223903391243452206e+05
7.499031348671284504e+05
7.220828557092775591e+05
5.801042336241223384e+05
3.060221110552607570e+05
7.774848680355820106e+05
5.971762332987531554e+05
4.448454958828471717e+05
6.212836608233936131e+05
3.199174925917945802e+05
4.282199114986513159e+05
6.391842063220664859e+05
6.078861325971262995e+05
7.809494616238445742e+05
4.637740320838720654e+05
7.664692077489898074e+05
6.019159455717788078e+05
7.317274343917565420e+05
5.002461112339036190e+05
8.069695623870113632e+05
3.164341104475774337e+05
2.418106763371978886e+05
5.629772989349162672e+05
7.273667983710777480e+05
8.458467859084164957e+05
2.817182049085970502e+05
6.949557563517516246e+05
6.344009795241770335e+05
6.554478614444779232e+05
7.443380566969610518e+05
7.445821844075787812e+05
7.231115781435279641e+05
5.194903006567577249e+05
3.200779648119710619e+05
5.093121538645440014e+05
6.038660609037713148e+05
7.064448238733451581e+05
8.143946447781946044e+05
7.722363534332532436e+05
5.844601934429805260e+05
7.712830252533390885e+05
7.787527810411547543e+05
5.337137566868149443e+05
7.629964495550736319e+05
4.305026549561504507e+05
2.387939564012637711e+05
5.900987639452066505e+05
7.950781184085517889e+05
7.411325988297243603e+05
2.619954121169253485e+05
2.779650859470709111e+05
7.819697008892598096e+05
7.395979203003783477e+05
7.406710562647280749e+05
4.601544451540742884e+05
8.242711375019123079e+05
7.756705895539900521e+05
7.781421202611661283e+05
7.010199645137829939e+05
6.611810099535287591e+05
8.100217162365521071e+05
7.236735377180520445e+05
7.278172326686981833e+05
5.572847447291377466e+05
2.387972996209239354e+05
7.451944890251170145e+05
2.847333230062501971e+05
4.835625685304572689e+05
5.983709124285288854e+05
3.044100991564326687e+05
6.833996500133969821e+05
7.373074864833398024e+05
3.029143902261559851e+05
5.016876270365657983e+05
6.656943262956144754e+05
6.932354995319333393e+05
3.181692892711055465e+05
6.755307018554090755e+05
6.065694199595220853e+05
4.906275332168820896e+05
4.753358600202742964e+05
5.079721408448171569e+05
5.734311378343959805e+05
5.481370478272179607e+05
7.323535823520616395e+05
5.599157431949190795e+05
7.118745361728467979e+05
2.812938905539141851e+05
5.688457147691751597e+05
6.454461188100312138e+05
4.459896664929231629e+05
5.858292118006534874e+05
3.017679728885500226e+05
3.141256045711643528e+05
7.445284108477513073e+05
7.515067686277172761e+05
3.625755840611102176e+05
3.512136186389811919e+05
5.895395047960425727e+05
6.275847061815882334e+05
5.768636646270020865e+05
7.167324193052802002e+05
8.398770997286495985e+05
5.206561944570717751e+05
7.866578676233103033e+05
2.935191487957911449e+05
6.421064195078390185e+05
5.028838030535987928e+05
7.097247089981769677e+05
6.652106677362017799e+05
2.477432537765690940e+05
6.710205810509698931e+05
2.225674207970681891e+05
6.630391796343585011e+05
6.237976966692666756e+05
2.407114992711049563e+05
6.148108070255315397e+05
3.810047950745617272e+05
4.123965414202601532e+05
7.963179138174216496e+05
6.096848366563403979e+05
7.009478580353670986e+05
5.873196270054589259e+05
3.503665806050928077e+05
6.861190629660924897e+05
5.673003755716166925e+05
1.387528244980707765e+06
2.350305943271654542e+05
4.198894072542978101e+05
5.799558096230415395e+05
6.786955916189824929e+05
5.746559764995271107e+05
4.701406412528911023e+05
7.457493992252902826e+05
3.323483552072249586e+05
2.811861617384746205e+05
6.136133950383232441e+05
6.910643316982638789e+05
4.751844595400104299e+05
7.588256756789581850e+05
8.924372429194051074e+05
7.263981399258489255e+05
3.747407456438856898e+05
4.663182321545962477e+05
4.776755004973612959e+05
8.023208296114460099e+05
5.944557380457052495e+05
6.384752191043109633e+05
3.096244846009793691e+05
5.854799555944013409e+05
3.714199569446512614e+05
7.278651780484725023e+05
4.592167922160187154e+05
5.271048034606027650e+05
4.712037506490558735e+05
2.756897093504533404e+05
8.189064161716235103e+05
2.412664336810040113e+05
3.189592214473246131e+05
4.244946117350806016e+05
4.042476200086608296e+05
5.405110990543826483e+05
5.735721895737709710e+05
7.267493980469020316e+05
6.645853313793223351e+05
2.323203272417262488e+05
8.463015343460957520e+05
5.957674319790212903e+05
4.427392324672079994e+05
2.792954507185290568e+05
7.039240193456927082e+05
5.445743346826172201e+05
7.974965431877159281e+05
4.244577019074762939e+05
3.294845455479167285e+05
5.268479587354324758e+05
4.737952010756006348e+05
7.303039270515387179e+05
6.456847095680404454e+05
9.933019283989949618e+05
7.120346831535300007e+05
6.074538030454362743e+05
2.770723856562550063e+05
8.108245305293410784e+05
8.429136697034735698e+05
7.634025605877741473e+05
5.447700761020120699e+05
7.567073166064261459e+05
6.672261418431210332e+05
6.312121006629383191e+05
7.280582753896996146e+05
7.289045547233581310e+05
8.226624016061498551e+05
5.231410890552430064e+05
8.087950931149999378e+05
5.051951141412412398e+05
6.734899003815087490e+05
6.376336684268233366e+05
2.934242910640954506e+05
7.718658046084211674e+05
6.978896821245264728e+05
4.308637240889100358e+05
1.480568241315845866e+06
7.766845754335160600e+05
1.361229534201247850e+06
4.991744209720270010e+05
5.782574964530293364e+05
7.214081227219534339e+05
5.654177746811979450e+05
1.202811502880219836e+06
5.551824562823507003e+05
3.428294281478785560e+05
2.283347329497326864e+05
7.589986841312691104e+05
5.583409049377993215e+05
8.078553676914373646e+05
2.532225924558291445e+05
3.695526010626878124e+05
2.705852532297754660e+05
4.923219336354892584e+05
7.360681142505347962e+05
6.848813237020293018e+05
2.796303890920308186e+05
7.255799769833626924e+05
7.145550922755118227e+05
7.071299679719940759e+05
5.589753140189312398e+05
4.725649529498505290e+05
7.832526482491870411e+05
3.268275876704703551e+05
3.473539695798009634e+05
6.122122994372427929e+05
6.545105045699161710e+05
5.562824673661000561e+05
6.051513741657683859e+05
2.234349869506124232e+05
8.105783673183785286e+05
2.528409444685410417e+05
4.251758776823494118e+05
1.038078292347976356e+06
6.003324683087056037e+05
7.879427739426912740e+05
2.299240323053396132e+05
3.385093769383019535e+05
5.589910550871738233e+05
7.200996298379640793e+05
4.263504779364180868e+05
7.234586752251494909e+05
2.831611838620615890e+05
2.643451042881677859e+05
6.327956127697764896e+05
8.474362905133562163e+05
7.993269530034483178e+05
5.066365852623179089e+05
7.410554198524462990e+05
8.066386788179794094e+05
4.489304519895534613e+05
6.937445132811239455e+05
5.301860980380022665e+05
2.686825173571642372e+05
6.547996211611833423e+05
5.630806532229634468e+05
4.275888902250291430e+05
5.840657184484163299e+05
5.076104769270084798e+05
2.446166735927737900e+05
2.753408051100138109e+05
6.473368226361896377e+05
4.585811808206347632e+05
3.153826905670685228e+05
9.755488019724373007e+05
5.558472698567091720e+05
8.530955670434685890e+05
2.913662181824934669e+05
7.263516115153229330e+05
8.393368832317934139e+05
4.246264346998062101e+05
2.887117412365726195e+05
3.473540676578555722e+05
6.238952511402460514e+05
3.781776810685739038e+05
2.676199031332631130e+05
4.698458714356258861e+05
2.592788634910659748e+05
6.374828860633112490e+05
6.589376700143241324e+05
2.874096323770817835e+05
6.752484217209430644e+05
5.730181547467592172e+05
7.893589026795789832e+05
7.794248162619305076e+05
5.846693658367162570e+05
8.291483247010111809e+05
3.096444647223205538e+05
2.892753765496686101e+05
5.526515057218074799e+05
7.439840762805681443e+05
7.733784432871571044e+05
3.430723886017156183e+05
5.030807545161696034e+05
6.589768812594073825e+05
4.899427243544335943e+05
4.229673987716866541e+05
3.315139663788565667e+05
5.596081112906401977e+05
2.693683573579677031e+05
4.305780401882472797e+05
4.105795512894456042e+05
2.587924484246578650e+05
3.358996926733069122e+05
2.750114477980554802e+05
7.705083800911902217e+05
2.808240066080956021e+05
6.296765638501979411e+05
6.476896944640516303e+05
6.611713748533063335e+05
3.937249621953578899e+05
3.115656774735451909e+05
4.928173506621243432e+05
4.129844321315434063e+05
8.182979617276210338e+05
5.026230234484914690e+05
8.040159287551292218e+05
2.450819748873860808e+05
7.248790183015925577e+05
3.540116399401588715e+05
8.013295777463167906e+05
5.149150948669315549e+05
2.508954348144602263e+05
3.676367330484057311e+05
5.481935601713943761e+05
8.201623005011132918e+05
7.295744349641184090e+05
3.882637390711187618e+05
7.835881701907415409e+05
6.801071549160939176e+05
1.191814566451485036e+06
7.647389171213422669e+05
6.233031257034019800e+05
8.092656106743291020e+05
3.562012551083069993e+05
3.188019766972716316e+05
5.856024082956667989e+05
7.033275326760354219e+05
6.215168939662796911e+05
5.045591032771724858e+05
3.183096063824817538e+05
3.813394478921858827e+05
6.988973423254054505e+05
2.717870283965659328e+05
5.377286600185330026e+05
7.994514565206759144e+05
7.156674033936383203e+05
5.986490762564637698e+05
5.181906995729292394e+05
2.695241145069986233e+05
2.552780672508532880e+05
9.670373354507348267e+05
5.848091118944161572e+05
5.470489613694209838e+05
3.670272150555087719e+05
2.402930920724947937e+05
2.850329639252971392e+05
3.582063061448798398e+05
5.818950373853364727e+05
7.777855420530200936e+05
5.400507703888186952e+05
7.505262957938117906e+05
2.504190191066644038e+05
7.731160639059538953e+05
3.751060082760546939e+05
6.064086876763994806e+05
7.501770034527123207e+05
4.693694814534778125e+05
5.782950212500346825e+05
7.002716710148393176e+05
7.443477613606296945e+05
1.146427176437195856e+06
1.467992041374742519e+06
5.670153038389359135e+05
4.062196962683841120e+05
7.672115543518429622e+05
3.223831779757575132e+05
4.051062852843016153e+05
8.106506690023072297e+05
2.734773264522536774e+05
7.044582769005345181e+05
1.094242739560256246e+06
7.852610309304188704e+05
7.362306625854171580e+05
3.566192841598109808e+05
3.549550491228816682e+05
4.140110172566818073e+05
3.754188556797303027e+05
3.294038876014308771e+05
5.724859135000880342e+05
4.175691043894269969e+05
8.214016964608909329e+05
7.632211439933500951e+05
4.232668494490124285e+05
2.655568123410062399e+05
8.234373624405602459e+05
6.680079091038650367e+05
5.519259758424686734e+05
3.683945452412320301e+05
6.513497071966681397e+05
7.956828731022621505e+05
2.285620419077314436e+05
3.765685351437275531e+05
8.113898743775296025e+05
7.075725859743660549e+05
4.145623116610953002e+05
4.932758417613142519e+05
3.460765051064457512e+05
7.349597870202609338e+05
6.829800842567431973e+05
6.983208401975992601e+05
6.264369270962028531e+05
3.633821059307205724e+05
6.746208605620586313e+05
5.532268164326134138e+05
4.689018678979698452e+05
3.657814401834910968e+05
6.656518206962012919e+05
5.558807132319519296e+05
3.048284279965501046e+05
6.623601066226523835e+05
3.611869876012059394e+05
4.681188630398068926e+05
6.722009565291027538e+05
5.442571245117023354e+05
7.205740062943102093e+05
2.969250053218762623e+05
7.411336539196027443e+05
7.757790597800225951e+05
4.496358269082931802e+05
4.222607737023476511e+05
8.499645532392289024e+05
6.000730913410033099e+05
6.664043532221292844e+05
3.060696243687508395e+05
2.933568152608257951e+05
4.090591202092914609e+05
2.897687795825900976e+05
4.682468420783980982e+05
7.085122517272080295e+05
6.042469976898877649e+05
4.404374596251848852e+05
4.262935730215446092e+05
3.806193681798001053e+05
5.455408750608204864e+05
4.039929267721021315e+05
2.741152396191102453e+05
8.163091223752155202e+05
7.548053976169497473e+05
5.329372384265977889e+05
6.914517596635217778e+05
6.813588113271563780e+05
5.599628533972667065e+05
1.315993685387292644e+06
7.535736096841923427e+05
4.275446597045345115e+05
2.275604376027777907e+05
2.664052385160156991e+05
3.258964964329760987e+05
5.654948187063953374e+05
6.984179133532234700e+05
6.683594060911628185e+05
5.176147941081578610e+05
4.756268651860618847e+05
3.026171953985862201e+05
7.641683227967276471e+05
3.551008503805988003e+05
1.019469227463758783e+06
4.924377714343167609e+05
7.727660381904040696e+05
2.246786298163480242e+05
2.470497826833446161e+05
3.581469082201960846e+05
5.754264669707857538e+05
4.234345221400562441e+05
6.235259445519881556e+05
5.573790163586658891e+05
8.205177741520634154e+05
3.136008229600008344e+05
4.113261179422346177e+05
2.560416619517748477e+05
4.819345158423470566e+05
4.309635114799858420e+05
5.128426739570585196e+05
4.990599406854953850e+05
6.299440142487531994e+05
7.638776263329600915e+05
2.725177655544566223e+05
7.097494385837994050e+05
3.475482952949865721e+05
6.311602139239250682e+05
4.168573933375812485e+05
2.229822544324568007e+05
6.607465314908834407e+05
1.254213569616982713e+06
2.771842389430956100e+05
2.836747876297775656e+05
3.876876932067290181e+05
5.476940610108103137e+05
8.401872521827125456e+05
3.157807483652361552e+05
6.898208032298646867e+05
6.320617166622814257e+05
7.731981982469737995e+05
6.752113699586109724e+05
6.463690984334987588e+05
5.559302769034905359e+05
3.403984274461971363e+05
8.172761508489493281e+05
7.250252863875972107e+05
8.462987474729238311e+05
8.109551823077683803e+05
7.029776021364703774e+05
4.260507913997144205e+05
2.348231793371873209e+05
6.943149756881915964e+05
5.375800638411330292e+05
5.824394700075755827e+05
3.469765740477339132e+05
2.422044894936078344e+05
7.488162178609671537e+05
2.803349300180609571e+05
5.078848502962634666e+05
6.191628723643983249e+05
7.719478169020494679e+05
6.014655049844277091e+05
7.902613505473535042e+05
5.066442372893545544e+05
7.539313575071576051e+05
1.340173213473108364e+06
7.696283759932684479e+05
5.993286004150607623e+05
5.740277796751862625e+05
3.343382369639261160e+05
4.577910657088869484e+05
4.429187774172681384e+05
7.422381387116989354e+05
7.099178414083987009e+05
6.572537150109370705e+05
5.436099700781567954e+05
8.494861392321952153e+05
8.266080299192910315e+05
4.557946935533406795e+05
5.797449715582808712e+05
1.416821286252197111e+06
7.100571854388281936e+05
2.912457410405133269e+05
3.386407657672705827e+05
5.206641086276634596e+05
6.491724210367678897e+05
6.693614594973558560e+05
3.191342911015786231e+05
7.358626211599997478e+05
8.099685763054743875e+05
4.472950498787838733e+05
3.564741183496654266e+05
8.107814403295085067e+05
7.100787492893741000e+05
7.053045896006118273e+05
5.302898432789309882e+05
2.349962006075406098e+05
8.215352797249048017e+05
1.434461939362944104e+06
6.055351921093735145e+05
5.467064979799417779e+05
4.085183034906529356e+05
3.189804735902660759e+05
3.495354153383458033e+05
7.764846406141256448e+05
7.719699107860112563e+05
7.281623320299198385e+05
7.263793271042389097e+05
5.722500564006972127e+05
3.786298822853388265e+05
7.887468413195027970e+05
4.342715224738370744e+05
4.524120995121448650e+05
6.678317939546791604e+05
5.761632998074716888e+05
5.780746265055795666e+05
4.998228043627446750e+05
6.034172884967543650e+05
7.160130837359164143e+05
4.908738504022057168e+05
3.389052487531066872e+05
4.716174343724406208e+05
4.117531962138998788e+05
4.155939130537713645e+05
5.404457215220001526e+05
3.150810874036054593e+05
2.462799320015899139e+05
6.194521843080262188e+05
7.022264546837806702e+05
8.321570641175773926e+05
4.931123949214805034e+05
7.901522952196203405e+05
7.932036537313916488e+05
6.862395586499823257e+05
6.278455447730270680e+05
7.774718289753930876e+05
3.333018615822207648e+05
5.308648549970005406e+05
1.288618727306434652e+06
6.365591573588142637e+05
2.412776508735614188e+05
2.500210518411269877e+05
6.193600922178404871e+05
7.014546422308660112e+05
5.062364084555931040e+05
4.321093838764442480e+05
2.910937175392833306e+05
6.122118054692741716e+05
8.113776328507696744e+05
2.412876895185607427e+05
2.934973514350918122e+05
6.824763959644698771e+05
7.418908156075186562e+05
8.463759416421427159e+05
2.763950054124810267e+05
5.015395315205811639e+05
8.016006206478248350e+05
4.001374084854226094e+05
5.109078501824286650e+05
6.282526775139305973e+05
2.952638272366537713e+05
6.187187955492720939e+05
5.114062295125804958e+05
6.262278227742193267e+05
3.536425842411357444e+05
6.677701290523315547e+05
5.844554381247744896e+05
8.246441512111048214e+05
8.473612843356785597e+05
8.469588435121512739e+05
7.460547764461947372e+05
6.913385059470586712e+05
3.645199808921912918e+05
2.984758279312959639e+05
7.853220603673275327e+05
2.739083382933211979e+05
7.673613450709389290e+05
7.851196884917863645e+05
7.980751228341546375e+05
3.924484265075534349e+05
6.277491366948097711e+05
5.118765089613302262e+05
7.766021644154849928e+05
3.635756051570588606e+05
8.321470100784306414e+05
7.043034043666729704e+05
7.982057058753665769e+05
2.762515324709262350e+05
2.635787851916323998e+05
5.666129719892216381e+05
8.038455603460575221e+05
5.783324840690025594e+05
3.699865973242607433e+05
7.662528091005906463e+05
3.232492664374752203e+05
6.109416481510472950e+05
6.994703872641078196e+05
6.838415156978904270e+05
4.876164586554041598e+05
7.930117944211880676e+05
6.721770461278683506e+05
2.839779037912108470e+05
4.367302486839020858e+05
5.822987545879946556e+05
8.278810829818835482e+05
5.039879399505124893e+05
2.429576071546686580e+05
2.200278588822506135e+05
2.216461233013439924e+05
7.727245572432007175e+05
3.210458719659388298e+05
8.417160845968482317e+05
8.457040591608610703e+05
3.045878289254077245e+05
5.161712419697184232e+05
8.300289474109084113e+05
5.569653720624062698e+05
5.947275108409812674e+05
6.947840717552884016e+05
5.087606659393316368e+05
6.950702510298403213e+05
4.539282644040898886e+05
4.730686424616840668e+05
6.467721012321518501e+05
6.869768767947842134e+05
6.814620969451334095e+05
3.731441297413168941e+05
5.611912572272921680e+05
2.642054338470079820e+05
2.966339869612338953e+05
3.513547954709001351e+05
2.643735494455160806e+05
2.997534810689428123e+05
8.079629113755491562e+05
6.584440607735941885e+05
5.444951618870965904e+05
2.880331621137863258e+05
4.497898779645895120e+05
5.593776073681005510e+05
5.592984331389060244e+05
3.757625938208926818e+05
6.173016311244880781e+05
6.251638638097356306e+05
2.930502622780714883e+05
5.042556796303732553e+05
2.206963275711676688e+05
3.637525843264674768e+05
7.533495930483675329e+05
8.063652804427876836e+05
5.223292149794230354e+05
3.384837154380636057e+05
3.425291069713338511e+05
4.025580292962167878e+05
4.017665454458008753e+05
5.759419363458183361e+05
4.802014269129204331e+05
8.114977410658795852e+05
3.662625312092585955e+05
2.489709546121853637e+05
7.076262144414779032e+05
2.721102822128359112e+05
1.497177103659194894e+06
3.162683706874320051e+05
6.415666610799906775e+05
4.289752975866061752e+05
3.166415415688943467e+05
3.842397475279278588e+05
6.970187217164810281e+05
7.066686790111538721e+05
5.765675984665232245e+05
2.747189069293120992e+05
2.952822431178237312e+05
2.279140017464792472e+05
3.914793894095336436e+05
7.763005410427321913e+05
5.641749379128912697e+05
6.245505052261105739e+05
4.900343807342773071e+05
2.338210036934208765e+05
7.649651140143376542e+05
2.563446690459602396e+05
4.908813530057619209e+05
7.651766745884793345e+05
7.343422625019488623e+05
4.798791235360807623e+05
2.592477225149517180e+05
3.933189307311628945e+05
4.252210035577365197e+05
4.697290095089009264e+05
3.192966380089105223e+05
5.926140036054302473e+05
6.723747628653899301e+05
4.705303579239919782e+05
3.065336258289393736e+05
5.438242927894484019e+05
3.728101167221656069e+05
7.847105297518600710e+05
4.440647554265272338e+05
3.711835593351077987e+05
6.384223513441925170e+05
3.550853383770161308e+05
7.523846384712454164e+05
5.513045515821219888e+05
2.947535717597136972e+05
6.664762716715482529e+05
4.454775119216653402e+05
5.963292938104413915e+05
2.434986399867751752e+05
2.963511698356285342e+05
7.723603234998533735e+05
5.377104260247504571e+05
2.251563523873955710e+05
4.144801366739284713e+05
7.175378949002781883e+05
6.763488488673139364e+05
5.098475646331388270e+05
6.020379547632413451e+05
6.061854028079329291e+05
6.930808360572715756e+05
6.391340410146508366e+05
7.273893255231598159e+05
2.469645754664452397e+05
5.613740755765041104e+05
5.611516609950710554e+05
7.370429767886773916e+05
6.005339400924402289e+05
4.146792438815858914e+05
8.445278120299283182e+05
7.692343246328426758e+05
6.285752363214041106e+05
4.718781962319040322e+05
5.757215828230554471e+05
3.318693653231670614e+05
3.049989909859289182e+05
8.973220063773700967e+05
4.206208912362729316e+05
5.453238397222040221e+05
7.850001294131194009e+05
3.960046028742936905e+05
5.673313416532264091e+05
5.685917374484317843e+05
4.228098411763395998e+05
2.732710786609468050e+05
4.923882205655798898e+05
7.458899953955034725e+05
6.487333988976762630e+05
4.371039410435075406e+05
2.742235325675958884e+05
2.549803748403194477e+05
2.335505801913548494e+05
7.486736581574708689e+05
5.110071419728412875e+05
8.254908034140757518e+05
6.060579866424535867e+05
8.226631048429462826e+05
5.813257226614195388e+05
3.641522168182181777e+05
4.674509699544920586e+05
2.703471573249503854e+05
7.417936366009112680e+05
7.554023558025403181e+05
6.774039124638120411e+05
3.731266280611160910e+05
8.328194444193362724e+05
7.724656883167921333e+05
4.133444389044319396e+05
3.110417385402867221e+05
2.776397382663163007e+05
6.180808596756970510e+05
2.713734248952789349e+05
3.974443990142623661e+05
5.325326626316132024e+05
6.107948714379635639e+05
7.816932076455947245e+05
6.284052742387475446e+05
3.965464071099018911e+05
5.726077319189053960e+05
6.799161264283544151e+05
7.146139245884481352e+05
2.879627444438728853e+05
7.812273781533655711e+05
2.741334881258555688e+05
5.238039496473062318e+05
2.870933448282483732e+05
7.001605093727036146e+05
4.807606259204809321e+05
5.255719327578080120e+05
6.174025462180828908e+05
7.495105304398618173e+05
7.784617020692421356e+05
2.289100940492994851e+05
4.081431920754060266e+05
2.998888757474668091e+05
7.813279321228315821e+05
5.637629629273531027e+05
7.223135317790769041e+05
4.519362600908101304e+05
2.419204842854408198e+05
8.321388129089054419e+05
4.281290912730690907e+05
6.968425859513370087e+05
3.769718729574865429e+05
5.823014174917420605e+05
2.588648086517646443e+05
7.960326107342552859e+05
4.319674052572146174e+05
3.731317163571012788e+05
5.864791881862427108e+05
5.832013680989844725e+05
6.553364648947508540e+05
3.305720831408223603e+05
4.456430137895536027e+05
5.180140905884641688e+05
4.577598841395376949e+05
5.272211874894471839e+05
3.061082084072796279e+05
2.368433278723738622e+05
6.933026149976775050e+05
3.183457442701633554e+05
3.269269702280169004e+05
5.921789278112800093e+05
6.517286227712966502e+05
2.648929336925356765e+05
6.327486034011625452e+05
5.592149135939402040e+05
4.741076284886166104e+05
3.702304681111589307e+05
3.412635332729637157e+05
6.507462536785837729e+05
5.147626126003664685e+05
2.505780655181429465e+05
5.008385020006987615e+05
3.639914455361895962e+05
8.067361641142031876e+05
4.765324457892128848e+05
3.996742305681353901e+05
6.263970543347145431e+05
6.708265994490452576e+05
5.254850861476159189e+05
5.263420788377899444e+05
3.419259249545878265e+05
2.561218428087634966e+05
6.531958641806589440e+05
7.518285649818019010e+05
3.408390800245295977e+05
8.245309834490404464e+05
8.255470057928048773e+05
5.027528412911110790e+05
4.069921776781949447e+05
7.107787415281515568e+05
3.581351389211000642e+05
5.165739815878626541e+05
5.855394879386358662e+05
7.159204648836214328e+05
4.671509153902046382e+05
7.798074711331885774e+05
3.838109400621743407e+05
3.247739522580531193e+05
4.659822845618428546e+05
6.600485968637173064e+05
7.192039235692551592e+05
7.891200702771258075e+05
7.860681340782066109e+05
4.585105288943280466e+05
7.796657154078345047e+05
5.386547670404871460e+05
7.480564825615489390e+05
2.634679802388349781e+05
6.793883274961683201e+05
3.719918723578109639e+05
8.298596126078641973e+05
5.738355940692169825e+05
2.695411376988686388e+05
3.634184446630042512e+05
3.640754194135776488e+05
2.841107815564447083e+05
2.539760892655902426e+05
3.510742927383919596e+05
5.998665707832637709e+05
7.319042364299014444e+05
6.201773731114482507e+05
5.665535819584330311e+05
5.322166779713816941e+05
3.357206384208361851e+05
7.470732408916362328e+05
6.478662896032172721e+05
7.388387357134326594e+05
3.545856630481901811e+05
7.717587805087306770e+05
2.920808593582349131e+05
6.137652861162056215e+05
3.125850913277908694e+05
5.497546330583932577e+05
5.051106995119696949e+05
3.272115746408892446e+05
6.832676760276574641e+05
2.896243875105216866e+05
6.633505269275143510e+05
7.561144466108060442e+05
2.955662869541057735e+05
6.254676426565678557e+05
7.706856006004636874e+05
2.742871616883435636e+05
5.857395083017073339e+05
6.938893045890904032e+05
7.127522499115304090e+05
4.991722556452461286e+05
8.250053364764001453e+05
4.323927370878966176e+05
6.605768832026310265e+05
4.677255513923093094e+05
3.048249778897582437e+05
6.887270100096706301e+05
5.477262950385045260e+05
3.023010373331066221e+05
2.406567508652210818e+05
3.037192322621047497e+05
6.770034721406003227e+05
5.862941440896885470e+05
4.777466718354232144e+05
4.696689985600226792e+05
2.715097818826840958e+05
7.476929625737854512e+05
3.925622913894148078e+05
6.462464981563885231e+05
4.226643678138930118e+05
6.518328465764878783e+05
3.545488328239072580e+05
5.417082132144761272e+05
8.406492252354369266e+05
3.528943374300859286e+05
6.421660833858151454e+05
4.065969565284076380e+05
6.548962955761639168e+05
3.602160088385682320e+05
7.735154615015116287e+05
8.250131957763618557e+05
7.596816197628875962e+05
4.374710258360478911e+05
6.696778030932152178e+05
8.343594656646036310e+05
3.809205874285773607e+05
3.863597070459959796e+05
4.624420090623550932e+05
6.158056604216170963e+05
4.479660578634688864e+05
6.912016001359171933e+05
6.283987059926891234e+05
5.897598914352041902e+05
7.018292200353379594e+05
7.728497908181896200e+05
5.029349263322816114e+05
6.874984209392515477e+05
3.694065272337308852e+05
4.168648298319079913e+05
6.905847285532491514e+05
7.421340713428132003e+05
3.253861990686514182e+05
7.298711674756421708e+05
3.720260800956180319e+05
2.667975458430191502e+05
8.159824937525844434e+05
6.017706485634280834e+05
7.006237594039770775e+05
5.434406944812308066e+05
3.529649445385857252e+05
6.902708136974311201e+05
2.798553702346424107e+05
4.253779526872994029e+05
8.001958366207260406e+05
7.805687384467717493e+05
5.893786783804998267e+05
7.283389896089938702e+05
3.645488491359916516e+05
6.240525640152432024e+05
3.168249962947154418e+05
4.121781393617601716e+05
8.243426494180494919e+05
2.636328815117331687e+05
7.653541524090468884e+05
5.084967492988522863e+05
2.319966564954255882e+05
6.094448094869554043e+05
3.849814706834985409e+05
7.340565564532016870e+05
4.931379125954862102e+05
5.173924220485467231e+05
4.180097509263745742e+05
2.363276100338021643e+05
6.764486907378982287e+05
2.327680818405374594e+05
6.812601198537910823e+05
3.673375160029632389e+05
8.259820930059122620e+05
3.627459143566916464e+05
2.212589632611547131e+05
5.777039697138497140e+05
7.996440239245695993e+05
7.745321595679271268e+05
2.698055985789275146e+05
4.022327671290807193e+05
3.981553594237139914e+05
6.052517264883245807e+05
2.566807944810830522e+05
6.418198290272711311e+05
4.002064248146202881e+05
7.816932724542215001e+05
7.848637778064790182e+05
4.428130747393047786e+05
5.245473087523224531e+05
5.005867086340002134e+05
7.189527308284007013e+05
3.828918585150998551e+05
5.814480972158221994e+05
2.674829408080023713e+05
7.718462530409566825e+05
2.958653984329155646e+05
3.790707704047118314e+05
3.738307059358264087e+05
8.183126857637802605e+05
3.386957603796561016e+05
3.647158619385280763e+05
5.720947084761257283e+05
2.388826103834382084e+05
7.886017604600101477e+05
4.808204545321052428e+05
2.460016946405280032e+05
5.657574722361892927e+05
4.874946036679469398e+05
7.251591351797865937e+05
2.917540018757206853e+05
3.072603490289704641e+05
4.178917785950830439e+05
2.563140848284845124e+05
5.234269413672703085e+05
6.692710510400118073e+05
6.503444812351518776e+05
2.498951826129017281e+05
3.845923933311032597e+05
7.394374908861576114e+05
3.744124655083812540e+05
4.745202858682065853e+05
4.763261434479051386e+05
6.905378916034481954e+05
8.466019893820316065e+05
