3.203852889704244444e+05
2.298415753650287515e+05
2.964938367906816420e+05
1.950981360561793263e+05
2.082127612140823039e+05
2.094477176477817120e+05
4.886707580350425560e+05
2.155899926832186466e+05
4.666953779036960332e+05
1.900483786109888460e+05
2.487080416511242802e+05
3.557986616423478117e+05
5.191464881942588836e+05
2.116193639383625123e+05
4.499317330328431563e+05
2.532251944043861586e+05
3.190177686542607262e+05
2.199327286610410374e+05
3.615267596754035330e+05
2.189968257073564455e+05
4.048321092188129551e+05
2.318523561295603577e+05
2.469936557963238738e+05
2.900701942483331659e+05
2.191687243983626831e+05
1.800984998829321121e+05
1.704124267729129060e+05
4.596409951201578951e+05
4.049369804020000156e+05
2.500346897260894766e+05
2.624279223796742735e+05
8.411849845620711858e+04
3.270208470286967349e+05
5.215110172541167703e+05
5.240854818225814379e+05
4.435254463369447039e+05
2.518008043646936421e+05
2.786526403152983985e+05
2.201309768044838856e+05
4.065475574261368602e+05
4.312823619750834187e+05
3.280844056356056244e+05
1.569922839313505974e+05
3.987780643155185971e+05
5.683845121250422671e+05
3.424628379601347260e+05
7.880818528294048156e+04
3.051250706211920478e+05
3.734211324286433519e+05
9.591753734975939733e+04
2.656152393558684271e+05
2.242164072176351328e+05
1.741169330740003497e+05
2.210610299726707744e+05
3.030433592243631138e+05
1.954691367145249678e+05
4.640868222427190049e+05
2.993489931438167696e+05
2.040894258320044610e+05
1.274247349164468469e+05
5.260464940383529756e+05
4.094589872303497395e+05
2.560752956097665883e+05
2.041210079070110514e+05
1.077891933371717168e+05
1.253162733677753131e+05
2.881620626045402023e+05
1.412751124077599379e+05
5.092118861759994761e+05
2.161400732529959059e+05
5.787121489829306956e+05
2.616073330961860192e+05
1.962712377974536212e+05
4.801814792410905357e+05
4.921288526021694997e+05
3.476392155357481097e+05
1.931976416511843854e+05
5.446964963450515643e+05
1.948999097811904503e+05
1.657345801565599395e+05
3.072240765872595366e+05
5.761468646443610778e+05
2.559345398424141167e+05
4.550657956925189355e+05
1.975383088387145835e+05
3.844915953119641053e+05
1.550457579694491578e+05
3.329039685435530264e+05
3.158527042728667147e+05
5.530923870022348128e+05
4.578861807732185116e+05
2.933657751556954463e+05
1.754190803599146311e+05
2.331322504319149593e+05
2.314079142952153052e+05
2.912085521375162643e+05
7.023425678071379662e+04
4.797012632443059701e+05
3.244959733239809284e+05
3.835002740771559766e+05
1.833677817609820631e+05
2.218268937817730766e+05
3.085545251086472417e+05
2.511375138009298244e+05
2.213064390903850435e+05
4.769183792770710425e+05
3.424783557602619403e+05
3.942228410227919230e+05
2.637851231078994460e+05
1.582126680827242089e+05
1.344603687385712110e+05
4.159727684268083540e+05
4.269786395953791798e+05
2.414342014545863203e+05
4.596962941499304725e+05
5.057933736838968471e+05
1.949420489557065303e+05
2.041767973352560657e+05
3.852195919010560610e+05
2.282131293166642135e+05
2.653872964329103124e+05
2.458029922628489439e+05
3.353714894318131846e+05
1.809895116681482759e+05
8.508241708827219554e+04
4.105049040084520238e+05
5.377343050299314200e+04
2.745695727421870106e+05
2.818671820847369381e+05
4.684401767838752130e+05
4.199557395567683270e+05
5.387643603615788743e+05
1.114150692912986269e+05
1.840358603244511469e+05
1.774676033769327623e+05
4.908771159981680103e+05
3.355077709473351133e+05
2.465775745912742859e+05
1.561827923021468159e+05
5.165525686665290268e+05
1.593009089343154046e+05
6.993013412614084082e+05
2.770639025905720191e+05
3.524225556648480124e+05
9.205819801001637825e+04
5.323676163019732339e+05
9.389658486018911935e+04
3.747535947975153686e+05
4.024560405780539149e+05
1.357503405055844050e+05
2.216861982931641687e+05
2.472266189557825855e+05
5.071057504263788578e+05
5.429357017444375670e+05
2.600789338993205165e+05
6.541439310327016283e+05
3.007231512842883822e+05
5.716009635096510174e+05
2.112317351702612941e+05
3.055109003172899247e+05
2.705112902813504916e+05
5.287948397581832251e+05
2.723740638384666527e+05
4.615514657066097134e+05
3.750993644638900296e+05
4.378838607860707561e+05
3.805635130457636551e+05
2.814269359421079862e+05
4.411033463606472942e+05
1.814990051103700534e+05
4.102435203936879989e+05
2.671503087143387529e+05
1.800498900715471827e+05
1.801131914801175590e+05
4.145125289027250255e+05
1.958586289142581227e+05
5.314760586834709393e+05
3.589054933462581248e+05
2.242658520426879986e+05
4.264662606682832120e+05
3.128828442483978579e+05
2.337133005643687211e+05
1.616672174685326172e+05
1.626078911897771177e+05
4.383915912024471909e+05
3.582734665835210471e+05
2.036110859375690925e+05
4.503353612065523048e+05
1.736828155008911854e+05
1.014876863789685303e+05
5.929450575484278670e+04
7.230061226950213313e+04
4.037871028872251627e+05
4.178457305465789977e+05
6.809185967460308457e+05
1.701249322734365705e+04
1.490827356596881000e+05
3.726418203043526155e+05
1.278685820373010356e+05
1.262349630111755541e+05
4.290461603486639069e+04
4.420645305584036978e+05
4.077604750745715573e+05
2.202655522888493724e+05
4.259828208911286201e+05
4.233751858092635521e+05
6.455470673907821038e+04
2.863949459482696257e+05
2.540139662318525079e+05
3.584124123521124129e+05
1.803356709266967082e+05
4.364316181738569285e+05
1.830238951055372600e+05
3.269440127001078799e+05
4.794198283170470386e+05
3.863080269325808331e+04
2.487235303448415361e+05
6.291483065822647186e+05
6.696134645559165801e+04
6.760186911716120085e+05
4.435491224125424051e+05
1.709800107742479013e+05
5.125632145615626359e+05
2.091078277060831024e+05
6.341338565637542633e+05
9.937223218826601806e+04
2.489376490489242133e+04
2.710594189170243917e+05
3.759219448234961019e+05
2.801329430267132120e+05
2.584282250728054787e+05
4.418317672510805278e+04
3.121585978350323858e+05
4.982989418742785347e+05
2.793807000939899008e+05
4.688939275488408166e+05
2.537949084644870018e+05
2.256220133702486055e+05
1.875471550299661467e+05
1.848482290001998190e+05
2.787982773909883690e+05
2.608845737584330200e+05
3.258224401504984708e+05
1.503622706888946122e+05
3.951669448658635374e+05
9.169622479713219946e+03
1.602530447061750456e+05
3.531079344585710787e+05
2.314142747207736538e+05
4.561162523409198620e+05
3.507277256548165460e+05
1.261875116055609105e+05
1.759786308549323876e+05
3.372388784382114682e+04
6.307194616828041617e+05
5.754138986675850902e+04
4.896549152290308848e+05
2.126697396811524814e+05
1.938127123477600981e+05
4.724351515377334435e+05
2.282053774149330275e+05
1.590097906055570347e+05
5.305818440814112546e+05
3.779992149591531488e+05
6.580573569419702108e+04
1.090244395297232113e+05
3.326732456349050044e+05
4.952412513007623493e+05
2.418042959460261627e+05
7.798879318765773496e+04
4.107147955139835831e+05
4.842398513488458120e+05
3.632833339083653409e+05
2.839528838263456128e+05
4.307898886132520856e+05
4.741784070561225963e+04
6.131021365167356998e+04
1.432769703877505381e+05
1.613333707983515342e+05
3.263672276976352441e+05
2.310479827788846451e+05
2.744474291682508774e+05
3.295066808266431908e+05
3.613901295248793322e+05
3.732993116696607322e+05
6.237714395967128221e+05
1.520271776167016942e+05
6.112790786656292621e+05
2.198345456878841505e+05
5.617563391170784598e+05
2.324963471609572298e+05
2.665385517027690075e+05
2.042809130858555436e+05
2.408165260774896306e+05
2.672564888213000959e+05
2.386509163792768959e+05
5.859740482786551584e+05
2.269300761199467815e+05
2.544999228715773788e+05
2.464098955804287398e+05
3.125792769561033347e+05
2.000000000000000000e+03
5.503387064366159029e+05
1.730788571795414027e+05
3.889233313263040036e+05
1.700021918315776275e+05
3.504080898665675195e+05
4.279801195753844804e+05
1.196180575129248464e+05
5.222388485093913623e+05
3.465188099422662635e+05
2.153776970442956954e+05
2.493832803930732480e+05
1.932136722677971411e+05
3.342848187012560666e+05
3.935198118278045440e+05
1.869950170203805319e+05
1.612190273665648128e+05
2.154462888430941093e+05
3.625938310009703855e+05
1.777873982861351978e+05
1.532112709047661338e+05
2.316492253852157155e+05
3.035046822445546277e+05
5.456519325823051622e+05
3.108815883001238690e+05
5.685922437319738092e+05
4.139546685864389874e+05
3.413117103846830432e+05
5.975313629429407883e+05
2.044770585263230314e+05
4.052611774134158622e+05
2.709654702042560675e+05
2.159689502440946526e+05
1.880058390584097360e+05
1.934046003544320120e+05
2.108557671881427523e+05
3.572060376050019404e+05
1.952594108233772567e+05
3.684329687575731659e+05
1.566771484040731739e+05
2.688618815433837008e+05
2.701374925150071795e+04
3.961591589428666048e+05
2.425489889516465191e+05
1.460494281863899669e+05
6.563467432704950916e+05
1.988175336466392619e+05
3.071418738676954526e+05
2.886665933776663733e+05
4.085510980934132385e+04
5.582103270061772782e+05
3.638202083001944702e+05
3.411821772898084018e+05
2.385342666775929320e+04
2.217430010571727180e+05
9.966839305853104452e+04
1.206845483349650749e+05
3.677454955790482345e+05
3.453242073728460819e+05
4.307303620295375586e+05
2.664176776343446691e+05
5.294445750814005733e+05
1.922590016901531490e+05
7.434091866344942537e+04
3.670286954717756016e+05
5.760496754346687812e+05
1.338488916380108276e+05
2.102600921400866355e+05
4.269303545113967848e+05
9.266782455634487269e+04
1.414261393183002947e+05
5.132236213800895493e+05
1.879855260466530453e+05
4.508302226184775936e+05
5.986462343684218649e+04
2.860341110190268955e+05
1.962954717616988928e+05
3.051656745911512990e+05
6.164570993826643098e+05
2.088739314898747543e+05
2.220298790518538735e+05
2.640536630261982791e+05
4.247942892043876927e+05
3.493732068024833570e+05
2.429896691744628770e+05
3.041831739354464225e+05
3.662870835818952764e+05
4.220746445164972683e+05
3.551876781944956165e+05
3.029072749476662138e+05
2.236784864949407929e+05
5.125590801563329878e+05
5.594868443251261488e+05
2.392996601994542289e+05
2.662184346867874265e+05
4.478978351965273614e+05
3.867234928489378653e+05
2.881171810886384337e+05
2.075972356626034889e+05
3.369155200460696942e+05
2.992184966875668033e+05
6.888517494930097600e+05
2.519505762068667973e+05
2.319622614084540401e+05
2.995207332147144480e+05
4.215892255433214013e+05
4.298478026638805168e+05
1.499554590809688962e+05
1.642221173740103550e+05
5.000925540561655653e+05
4.837302475700792274e+04
1.744112420738118453e+04
3.913619821460036910e+05
5.051359069706921000e+05
1.970830989315258048e+05
4.138315694314536522e+05
1.273573002420987323e+05
1.871357579390379833e+05
3.742569998141009710e+05
4.165409504512952408e+05
3.359702512640894856e+05
2.005454014588377904e+05
1.541049075589743443e+05
1.412391693463544652e+05
4.129898195388149470e+05
4.211944973994910251e+05
3.723324608725263970e+05
5.717608342773079639e+05
2.229143137072576792e+05
4.343396369716528570e+05
3.258076304192239186e+05
1.630336313278460002e+05
2.161650092024290643e+05
4.156802151914876304e+05
5.580803311831782339e+05
4.226718373112425907e+05
1.513406431070312101e+05
5.256455390995433554e+05
3.912405969610409229e+05
1.620478161681964993e+05
4.478499373187675374e+05
2.315368859209133079e+05
3.057740679907595622e+05
3.344600851053351071e+05
3.569685017185024917e+05
2.101177028788338066e+05
5.001274266240599100e+05
1.845619789054568682e+05
6.662699429070418410e+04
1.650900918517468090e+05
3.837072553266732139e+05
2.004346086726331268e+05
3.848318173062548158e+05
2.000000000000000000e+03
3.200114531502705067e+05
2.000000000000000000e+03
3.307727142370320507e+05
3.689422235565168085e+05
3.206090810038833297e+05
1.394723186464036698e+05
2.909821212178773712e+05
2.140002908541185025e+05
8.959607622032263316e+04
5.188511239454108290e+05
2.967326712967052590e+05
3.301103843407258391e+05
5.817347496984512545e+05
4.409514681233409210e+05
1.118743122302173724e+05
4.321623829980526934e+05
2.026533374099652283e+05
5.653082735110082285e+04
4.070816901086632279e+05
5.752614039410456317e+05
4.307828109196604928e+05
4.200097429756030906e+05
2.853251147919020732e+05
4.117039314462955226e+05
4.762375308520180406e+05
3.125328079358382965e+05
2.953517461611485924e+05
2.365156852647036139e+05
4.194731066026178305e+05
3.293607534739484545e+05
2.000000000000000000e+03
6.296985554077810230e+04
1.869870261859364982e+05
4.951271718105576583e+05
5.557672442632501479e+05
5.205832827631317778e+05
2.192292401179912267e+05
5.994766363023135345e+05
4.867530658582627657e+05
2.484647123862906301e+05
2.239165067106840725e+05
4.522785208356826479e+04
1.752950299759852642e+05
6.516561290532822022e+05
3.532730421167560853e+05
3.605283391804358107e+05
1.479918857215733442e+05
4.186086266484179650e+05
1.821081496271854267e+05
2.622457336927137221e+05
2.850738252811901621e+05
3.114520051749061095e+05
4.226492327537328238e+05
3.425301061795399874e+05
5.451377628937414847e+05
4.209340879012702499e+05
3.812914217881959048e+05
3.691997546090395190e+05
4.565821348370442283e+05
2.544793018502712657e+05
5.504107944595363224e+05
9.731655871962127276e+04
5.679466849869369762e+05
5.220780223415900837e+05
3.317158746768564451e+05
4.493453558562693652e+05
1.015644385296797118e+05
3.858761820811802754e+05
5.101518674178495421e+05
6.324775575869666645e+05
2.308203976252417197e+05
2.459001295812387543e+05
3.024767019985015504e+05
1.593499298578298476e+05
1.575723776623190497e+05
3.161325569359479705e+05
2.479304895006414445e+05
4.069155258884946816e+05
4.478381857071090490e+05
1.764922760449484922e+05
5.302053886876124889e+05
1.621327362623807858e+05
3.788602169731967151e+05
1.097401507664900128e+05
1.359331633999175683e+05
3.265736379431504174e+05
3.230116022876815987e+05
5.215434147307606181e+05
2.105974962362388032e+05
1.882263234972391801e+05
3.700886259912093374e+04
2.362699916471490578e+05
5.418885688955663936e+05
2.258183732406464987e+05
4.175288726718708640e+05
5.205758798455703072e+05
1.573992974048178294e+05
5.685477984231082955e+05
4.643012686745972314e+04
2.059018559055957885e+05
1.458423817057366832e+05
5.089226911484056036e+05
1.468567288820425456e+05
2.196975752585140290e+05
6.125974281228016480e+04
9.277977314900761121e+04
2.604717851130244380e+05
1.180205940749621368e+05
2.643155951883907546e+05
4.239983226277072681e+05
5.837442911424837075e+05
4.713399637304292410e+05
3.168498922570763971e+05
3.591071486363100121e+05
4.528198773916160571e+05
1.454164306195820682e+05
1.090887202242561907e+05
1.490638917268604855e+05
3.464199486160475644e+05
2.470293254841707239e+05
1.747733586011006264e+05
3.375710660609374172e+05
1.148153346045160142e+05
1.723707734669087222e+05
3.789369049087176099e+05
3.198111694938768051e+05
3.154432056681786198e+05
4.811481267700179014e+05
5.594050055784654105e+05
2.193523233119572687e+05
2.658221173299312359e+05
1.321652160372117032e+04
5.023067311873073922e+05
5.451941701667791931e+05
5.479596604475062340e+05
1.152541428421378805e+05
7.948677143095013162e+04
2.572125218732436479e+05
1.093609081509702992e+04
4.172164463147371425e+05
1.408355401274297328e+05
7.414361422738495457e+04
1.057566142662254133e+05
1.321254689194718085e+05
3.534878947434555739e+05
8.174494021127434098e+04
1.144739017980666104e+05
5.054592536856161896e+05
5.119736587875392870e+05
4.864325984214718337e+05
1.185277823422123474e+05
4.192094235610308242e+05
3.870580669455538737e+05
3.586090449697031290e+05
3.582396324700533296e+05
3.225960850237274281e+04
1.836418514428674243e+05
1.951802989905260911e+05
5.262141225436600507e+04
3.880611554227826418e+05
4.484664562513420824e+05
1.038042230087129719e+05
3.949396003841591883e+05
1.208460749993644567e+05
2.307890517381710233e+05
3.160252192704352783e+05
4.313039435338705080e+05
1.272169156471473252e+05
5.147742427151265438e+05
3.270503985953982337e+05
3.378946651784047135e+05
4.469900382988451747e+05
3.176740663721699384e+05
3.935640776435661828e+05
3.112955811051556375e+05
5.123360427560540265e+05
4.559917571414058330e+05
9.729601815777768206e+04
3.963154269235986867e+05
1.326999059439328557e+05
1.652798008690465358e+05
3.814714636154484469e+05
4.519468994126741309e+05
5.197474854353231785e+04
4.527655448116122861e+05
3.953843844866086729e+05
1.673520870621369395e+05
5.318499079657701077e+05
3.226246801963598118e+05
2.011827979498474742e+05
2.539729395428016433e+05
3.851265321611121763e+05
3.653212638734313077e+04
3.289008265371521120e+05
2.717735901921559707e+05
3.038573939984168974e+05
2.984485342951024650e+05
1.905329132344808604e+05
4.283335925736825448e+05
3.732503705598916858e+05
3.080273102354846778e+05
1.287228659729284554e+05
1.156104622561652359e+05
3.338400380945650977e+05
2.895752262558808434e+05
4.152080776831115945e+05
1.151391689901321806e+05
4.788976694309841259e+05
1.024154283449442592e+05
3.906365856852176948e+05
1.228904362128414650e+05
1.110807568562440720e+05
5.240964081092215492e+05
5.077019774069183622e+05
2.166083129358782899e+05
5.298378303586641559e+05
5.515560299881113460e+05
3.754797905417711590e+05
3.046974172595388372e+05
3.751195957838509930e+05
1.636403151035794872e+05
2.040502849532337905e+03
4.387984307368050795e+05
3.416967689547999762e+05
2.772982681370922946e+05
5.960675738507427741e+05
3.127326782477950910e+05
3.617579630838520243e+05
5.534549918101427611e+05
3.145108915070399526e+05
5.257863635760748293e+05
3.303489391863077180e+05
5.193463847138708225e+05
6.976023831708174839e+04
4.115475698335050838e+05
2.812414209341848618e+05
2.564799145305963175e+05
1.084209526947396225e+05
4.307703441062879574e+04
2.811764510387502378e+05
4.767201367296788376e+05
1.762825557999394368e+05
3.364708802398595726e+05
1.152477670713088446e+05
4.280935838068091543e+05
6.088204052262298501e+04
5.404446999359452166e+05
5.114277256407641689e+05
8.312869149194581041e+03
4.730070018645720847e+04
3.415327232469583396e+05
8.575060473387631646e+04
2.056151280153878615e+05
3.473020921946642920e+05
9.244033924367210420e+04
5.857082071385890013e+05
4.097545634391545900e+04
2.899172804128926509e+04
1.182055599496952636e+05
1.458841946370044025e+05
2.778019458160419017e+05
2.711066432744039921e+05
2.639623259279383637e+04
3.940973236717129475e+05
2.993354566565374262e+05
3.261751523987277178e+05
5.240471113215834484e+05
5.633472436578054476e+04
3.782188466050180141e+05
2.730773522770077689e+05
2.670767798049733974e+05
2.000000000000000000e+03
9.844032997259417607e+04
6.144002340279355849e+04
3.572710452406269033e+05
2.246014986404144729e+05
1.789968496284873108e+05
2.431774431256009848e+05
4.416088129978502402e+05
1.968533101704022847e+05
6.871830441291560419e+04
4.344797465355705936e+05
2.767898448773268610e+05
1.912867936415986624e+05
4.453289482195109595e+05
3.135903499188860296e+05
5.083400617988958838e+05
1.396850671045843919e+05
4.119798038596743136e+05
1.804272244939137017e+05
5.034370332117883372e+05
5.889576980493173469e+05
1.433526368924150302e+05
4.025940387023027288e+05
2.848292294130827213e+04
3.045008811333543854e+05
4.718525618768883287e+05
4.315946968208895669e+03
4.168235635414129938e+05
3.374421331495345803e+05
3.021755716059265542e+05
3.181397384019010933e+05
1.934343705835551373e+05
2.362625538865217532e+05
1.695680642950166657e+05
4.253360027956168051e+05
3.979748397448619362e+05
9.077060386095047579e+04
3.528702077431808575e+05
1.352071342781230633e+05
5.662432189543511049e+04
1.069580487413580122e+05
1.478858823090503865e+05
2.368966842233962670e+05
1.515038274114705855e+05
3.052353521102144732e+05
1.308496622051806917e+05
6.480688428024210589e+04
4.697342740003739600e+05
4.543550388261225307e+05
4.398021345851304941e+05
2.000000000000000000e+03
2.151864166262822255e+04
3.346080919623617083e+05
1.424789373537602951e+05
2.805486288701639278e+05
2.916512551619950100e+05
1.303862285721705994e+05
2.659719999034680659e+05
3.250287470623900299e+05
4.055152023909701384e+05
3.069810128133117105e+05
3.377805827466731425e+05
2.026958650469004351e+05
4.184900033162547625e+05
1.144123386072211433e+05
6.590774747582834971e+04
3.006829667903656955e+05
1.908689971660208248e+05
5.882918683806109475e+05
7.627585806130609853e+03
4.190994892060820130e+05
1.072977367092700733e+05
3.168763940047265496e+05
3.094240253091597115e+05
7.694035129693298950e+04
2.461833923192702641e+05
2.000000000000000000e+03
3.283627840222456143e+05
3.621887067477010423e+05
1.034648665122320817e+05
3.619451548690020572e+05
5.980912001041895710e+05
5.785620083897259610e+04
2.000000000000000000e+03
4.870471841509088408e+05
4.720147905091060093e+05
2.000000000000000000e+03
2.000000000000000000e+03
2.996702113986779586e+05
2.968596359022514662e+05
3.246341730648786761e+05
1.080422664600985154e+05
3.273766978976586252e+05
6.931641226757465629e+05
5.548922384678341914e+05
2.000000000000000000e+03
4.626769819998128805e+05
3.906553202570410213e+05
3.525804381626974209e+05
4.132322317499358905e+05
3.362479614205298712e+05
1.592047221288839937e+05
3.910343655494690756e+05
3.341413478726580506e+05
7.228166192695510108e+04
5.311252615791231074e+04
9.034636511416989379e+04
3.328556966375872435e+04
6.253280912130465731e+05
4.964650178836627747e+05
3.373942202158769360e+05
4.363931646762208547e+05
3.753065266955635743e+05
2.309698098628650478e+05
3.676980577695977991e+05
1.337204454531581432e+05
3.732486237145755877e+04
1.600713059952449403e+05
2.446648879977628530e+05
4.140807896398417070e+05
1.304022435366347054e+05
1.017055365598425124e+05
2.628092080393553479e+05
4.543933472438454628e+05
3.856346630982734496e+05
2.945346660959429573e+05
1.086065968563629285e+05
5.888219166464356240e+05
5.696677833761274815e+04
2.635267278542696149e+05
4.256204699814004125e+05
2.253737053280530672e+05
3.234646290527770761e+05
3.417586290718198870e+05
3.380421747294847155e+05
3.234654442805293365e+05
5.335905847544226563e+05
3.446513155064757448e+05
4.337958036594584701e+05
2.132898485874920152e+05
1.697424102657994445e+04
7.721939250844881462e+04
1.491262281096583756e+05
1.255256804235666787e+05
3.451727102712527994e+04
4.705821315647007432e+05
2.362463698012629466e+05
4.386135724903640948e+04
1.801684989657029510e+05
4.189665605128707830e+05
1.266358451193081419e+05
1.445686693352627044e+05
5.081460663172711502e+05
2.087618116148834815e+05
1.232467082519073847e+04
6.132331873724312754e+05
5.328097960399371805e+05
4.124780716197089641e+05
1.888802871460461756e+05
5.614162610207850812e+05
2.295140808409648598e+05
2.964717951083751977e+05
4.609137513607101282e+05
2.352844484546407475e+05
4.894412858302856912e+05
2.000000000000000000e+03
1.741320139005593956e+04
3.663890758058666252e+05
6.329931007183900801e+05
3.676621161380036501e+05
3.898635220506368787e+05
1.154740333847362053e+05
2.454857216276196414e+05
2.049420227411764790e+05
5.231664028401648102e+04
2.000000000000000000e+03
8.516002829652989749e+04
2.000000000000000000e+03
1.669571846723202616e+05
3.041584289618973271e+05
2.219947172276435886e+05
3.629699143348817015e+05
1.613892976268282509e+05
2.509786547113663401e+05
1.071813168014744733e+05
1.949591340716068225e+05
1.030102800920143054e+05
3.869802079327052925e+05
3.404440400678489823e+05
2.612392727067937667e+05
2.000000000000000000e+03
3.950857537361434661e+05
4.093420817382922396e+05
2.009842648446316889e+05
7.820396251791500254e+04
7.359913512799187447e+04
2.000000000000000000e+03
3.154297130795794656e+05
1.221197142455786379e+05
3.750875807507935097e+05
4.295437377787005971e+05
1.677084782783638802e+05
2.757556254213702050e+05
2.000000000000000000e+03
2.733802752133386093e+05
6.249540824413101654e+05
4.501954998318528524e+05
2.454769518252807029e+05
5.165298628083587391e+04
5.216006530434220622e+04
9.080840382472601777e+04
1.608497170127208810e+05
7.891679309041133092e+04
1.672284711669810931e+05
3.213473238911112421e+05
5.770105943742549280e+05
8.704486380602515419e+04
8.174128919921276974e+04
2.000000000000000000e+03
3.717502699703148683e+05
4.300642033524402650e+05
2.000000000000000000e+03
2.000000000000000000e+03
3.995141457704943605e+05
8.460359007092085085e+04
3.842031396819442161e+05
4.708614528713246691e+05
9.640876232126263494e+04
7.266952318239414308e+04
1.384193824077727913e+05
8.698303608939005062e+04
1.550182029384027410e+05
1.498345032824851514e+05
5.730449775853561732e+04
3.181219879239922739e+05
5.380062036739242030e+05
1.283552129475932743e+05
2.417474703210129810e+05
2.713038554493293632e+05
4.846291930332859629e+05
1.431082037090802332e+05
1.859809152497944306e+05
2.847308336979816886e+04
4.712263241038029082e+05
1.375397581884632818e+05
3.463070765303482767e+05
1.491671487905632239e+05
3.055862099954782170e+05
3.904195076683509396e+05
1.042660259712386323e+05
7.004047504277148983e+04
4.195539149906047969e+05
2.000000000000000000e+03
2.480952397618450923e+05
2.541193821605907870e+05
1.147904545240659936e+05
4.323813747695968486e+05
1.515872546770622139e+05
3.606794859150732518e+05
2.000000000000000000e+03
3.158127830265843659e+05
3.802398748185487930e+05
3.375406001249675173e+05
6.773629655446036486e+04
2.380209827693656553e+04
1.148063368390932301e+05
1.144665227948384127e+05
6.002527189301084727e+05
1.092065310183287511e+05
2.000000000000000000e+03
5.268502382691176608e+05
2.000000000000000000e+03
1.462334234530843387e+05
7.276289969441291760e+04
1.580767921924431867e+05
2.599326419762110163e+05
7.307992598151061975e+04
9.144866042128136905e+04
2.640542649502378190e+05
2.944905620754720876e+05
1.772394432258309098e+05
1.017812990717143111e+05
4.137169328350240248e+05
2.460507267397783871e+05
7.240827733704615093e+04
4.854410107718477957e+04
4.215891936353410711e+05
2.902506162723121815e+05
1.286642815029672784e+04
1.644133332272147818e+05
1.632292212091808324e+05
3.614320828329658834e+05
8.782953487614908227e+03
3.906291309868303360e+05
2.140343265073856746e+05
1.225529250348137430e+04
5.316913578846099554e+05
4.532801660579073941e+05
1.883920368615832995e+05
1.394081723951110616e+05
1.497737550558217044e+05
4.220996450757019920e+05
1.441081337719247094e+05
1.900306664920877665e+05
1.003869477210446785e+05
8.986678597238489601e+04
1.511294081183309900e+05
6.257075943278115010e+05
1.181909789602053206e+05
1.188656536251638317e+05
3.041467459492667695e+05
3.323121261898699449e+05
3.570136468193973997e+05
3.734220490782991401e+05
3.383792511889355956e+04
3.264214257860821090e+05
2.745976921564406948e+05
4.058814045870408299e+05
2.426343384281260660e+05
7.921636200260062469e+04
3.822854452645384008e+05
7.222044252043371671e+04
5.005683958455458196e+04
2.000000000000000000e+03
3.407284071305850521e+05
3.815293714741528966e+05
4.850336057663324937e+03
3.360860624225456559e+04
1.370112055007286544e+05
9.003576487105130218e+04
8.959372408425717367e+03
2.000000000000000000e+03
2.000000000000000000e+03
2.000000000000000000e+03
3.288030510759390891e+05
1.220450581705513614e+05
3.777843818140642252e+05
1.137523352737875102e+05
1.414116878075839195e+05
1.419391145953736268e+05
5.881628490723173600e+05
5.490918964362696279e+05
2.071030161987027095e+05
1.585765725936784002e+05
4.759477214071137132e+05
4.921883162563006626e+05
1.604634332360875560e+05
1.012027073543676524e+05
3.856899365255406010e+05
4.621001124731437303e+05
4.873719820891263080e+05
4.883364235463378136e+05
4.798451304085124866e+05
5.056651736914374051e+05
4.729480361072011292e+05
4.042809693589747767e+05
5.561081025804505916e+05
5.102041142575700651e+05
5.454211869163097581e+05
5.209838196126542171e+05
1.340016783347990131e+05
1.144927311718603887e+05
5.039896707720640698e+05
4.102916364933691802e+05
2.683130905055660987e+05
2.921024451594212442e+05
2.668015007700287606e+04
3.591511511372277891e+04
5.142220889687181916e+05
4.747595287699657492e+05
3.770788865880367812e+05
3.968872587412685389e+05
1.180970149058422685e+05
1.116580979419617215e+05
3.194484037513988442e+05
3.489641454176789266e+05
1.675865380127551034e+05
1.472442685273199750e+05
4.288530458737855079e+05
4.058598591182522941e+05
3.183443193691142951e+05
3.586233839670238667e+05
4.526094797456206870e+05
4.130584256420951569e+05
1.775453762940501911e+05
1.667894157292382442e+05
1.152571475509426527e+05
9.876602258399801212e+04
1.058757024251841649e+05
1.098587932739387034e+05
2.032954335555117868e+05
2.040103225547547918e+05
2.000000000000000000e+03
2.000000000000000000e+03
1.350066346053016605e+05
1.390765487754473870e+05
1.145545868253379376e+04
1.332768776481086934e+04
4.330721379332690849e+05
4.174166245847283280e+05
2.896088339851067285e+05
3.076252832903849194e+05
3.778351956900026416e+05
3.719736943337401608e+05
