-5.043761514687787086e-03
-5.042313235734993682e-03
9.818903662533547475e-03
-5.009490110734975132e-03
-5.010173994034473367e-03
-1.429809666437689422e-05
-5.044846600159139799e-03
5.048092655556704958e-03
9.816686545179888895e-03
-5.009187494235027051e-03
5.009937824133900777e-03
-1.345439042124611577e-05
5.042813606922885369e-03
-5.040865345314834295e-03
9.825928918350903402e-03
5.009140108640281266e-03
-5.009566280016148308e-03
-1.442609831387545848e-05
5.045618153230175922e-03
5.049725092940456246e-03
9.815540624587075838e-03
5.008978484742943570e-03
5.008054064612283904e-03
-1.375571385488098704e-05
-5.027668821131273114e-03
-5.026604598959926416e-03
1.627267691224056892e-03
-5.035440698477412595e-03
-5.034825634153788226e-03
3.265097121789409078e-03
-5.039284650912387135e-03
-5.041411015701067165e-03
4.908383905242696445e-03
-5.040858178511424016e-03
-5.044616142866627413e-03
6.550309519162985858e-03
-5.043128561627005339e-03
-5.045182580777102244e-03
8.185402686994179902e-03
-5.043423146006364988e-03
-3.361473359290326028e-03
9.820515057042738735e-03
-5.045753060541255212e-03
-1.679800739689455910e-03
9.822024890740931047e-03
-5.044660082530960654e-03
2.380013233938070477e-06
9.821809082113540715e-03
-5.044327225891291275e-03
1.684828137146947204e-03
9.825126547187274656e-03
-5.041764989429650852e-03
3.365310197432176340e-03
9.825882209915148824e-03
-5.029604868440261563e-03
5.028223353339792388e-03
1.622236606473887593e-03
-5.038726098661214930e-03
5.035968499005473269e-03
3.264085476093637073e-03
-5.042979311044980956e-03
5.040195456442056812e-03
4.906357564258418714e-03
-5.044696366723507019e-03
5.043177890177421609e-03
6.547137099807804998e-03
-5.043082164537420961e-03
5.044328916326466794e-03
8.180718534088542507e-03
-5.010946109741174111e-03
-3.336940842813702120e-03
-1.667098363618173056e-05
-5.014973116253380880e-03
-1.667610735997897102e-03
-2.032418747006979617e-05
-5.014324633671581044e-03
1.425675498407626155e-07
-1.942392454533565889e-05
-5.013776096413477198e-03
1.667679471865740745e-03
-1.827347009280539024e-05
-5.011615430119044194e-03
3.336121022908773454e-03
-1.630556375169291499e-05
5.026683406602132712e-03
-5.026584782775870772e-03
1.626918012413051040e-03
5.037759979867057446e-03
-5.035423174537343588e-03
3.267702702890664442e-03
5.040911870712448672e-03
-5.039143845992789979e-03
4.909624474760372961e-03
5.040965718796317288e-03
-5.038632788746021107e-03
6.551671902437959660e-03
5.043100871776179904e-03
-5.040414016127685998e-03
8.189838461871370642e-03
5.046426864110740984e-03
-3.358889781514198727e-03
9.822469386028948729e-03
5.044757746295738289e-03
-1.677033937949307931e-03
9.824775895310482871e-03
5.042021825940774804e-03
3.150344832774201808e-06
9.826785347628198136e-03
5.042421118275154483e-03
1.683582229593286314e-03
9.825269856182924227e-03
5.044780267939030782e-03
3.366398035018922270e-03
9.821304742572851618e-03
5.027258219914502134e-03
5.027763710311233640e-03
1.625699934614700934e-03
5.037191082901465097e-03
5.038097897968355117e-03
3.265247039699968774e-03
5.041307715259516625e-03
5.042007724949751531e-03
4.906600502585287300e-03
5.041813629338496271e-03
5.043279920160791650e-03
6.547675878509076446e-03
5.041396236200538367e-03
5.045123037095761674e-03
8.179848609871483156e-03
5.010753230222878690e-03
-3.337444857238835647e-03
-1.695811476887746906e-05
5.012676180475747825e-03
-1.667285636492009393e-03
-1.585967211132012267e-05
5.015117124994058866e-03
-9.899614529866741420e-07
-1.772327013691556922e-05
5.014042623314490972e-03
1.669044864553108961e-03
-1.976547462003472555e-05
5.011424882411171476e-03
3.337755225358052941e-03
-1.569937907346596954e-05
-3.337172575025358721e-03
-5.010660254187880060e-03
-1.604066692576065908e-05
-1.667757146100727400e-03
-5.016109521065970252e-03
-1.768697361713351921e-05
4.494406140054756812e-07
-5.014034947281844658e-03
-1.741374021897836775e-05
1.667606737486250100e-03
-5.013162970749468483e-03
-1.874363785949846597e-05
3.337010469793087308e-03
-5.010964400821590892e-03
-1.491929283362379676e-05
-3.363532056921875006e-03
-5.038183185397033560e-03
9.825808523364067473e-03
-1.681642976027737484e-03
-5.041414352766265990e-03
9.824127763845289310e-03
-8.595911983131014288e-07
-5.042976858016755964e-03
9.826293320407243972e-03
1.682138914523823329e-03
-5.046300205328715059e-03
9.820542766439776042e-03
3.362910003103186315e-03
-5.040992876019599091e-03
9.826292571291719152e-03
-3.336212785768317458e-03
5.010532473863508161e-03
-1.452012951108442474e-05
-1.668822674163358095e-03
5.013767365834470059e-03
-1.884060695858007835e-05
3.982597072136623172e-08
5.014107612079639863e-03
-1.978743147617452764e-05
1.667744958996946391e-03
5.013525740472844945e-03
-2.003021074926901514e-05
3.336398928560308039e-03
5.011218173319077415e-03
-1.579815365511463311e-05
-3.363290302964812208e-03
5.046418044104172135e-03
9.821389288988938496e-03
-1.680830406862755203e-03
5.050651813057205515e-03
9.815518573950986203e-03
-1.095853277050931017e-06
5.043130857970068090e-03
9.827493123469742756e-03
1.680209743667082992e-03
5.050624612559856223e-03
9.817791835331894992e-03
3.361963599097162435e-03
5.051711567399797681e-03
9.816414316439980858e-03
-5.041177182991276630e-03
-3.523684362770410951e-03
5.714842942210514830e-03
-5.044326313607071753e-03
1.001985985127968508e-03
8.350520047537886986e-03
-5.028369934243122515e-03
9.816449078188754611e-04
1.460586556475237680e-03
-5.043033181576264158e-03
3.594546986190166535e-03
5.714989064321525716e-03
-5.026437554194173978e-03
-2.546932191502992299e-03
1.326667293556523181e-03
-5.043589080614018297e-03
-2.542553817218214454e-03
8.458581625494329681e-03
-5.034912757070969178e-03
3.610363709292829879e-03
2.456847086681593177e-03
-5.040283167144234654e-03
3.590504265391850861e-03
4.087786649594291055e-03
-5.042090138398513076e-03
2.133999923038912803e-03
4.910489305497965119e-03
-5.043308856363345506e-03
2.011688120009882865e-03
6.784740460959354062e-03
-5.042507965685642454e-03
6.765680760552914095e-04
5.733154046886844955e-03
-5.039522002757876665e-03
6.467770621083250657e-04
4.142864955844932293e-03
-5.041458515403654181e-03
-7.554229875979374086e-04
4.922436299594944858e-03
-5.042376536350107880e-03
-7.805632799819323467e-04
6.552072139276924993e-03
-5.037867028460726523e-03
-7.906452451461889151e-04
3.342260184388024490e-03
-5.038956760950348557e-03
-2.182831961570525555e-03
4.330220010871647408e-03
-5.039380503340817365e-03
1.984796381079993559e-03
3.025921190537364958e-03
-5.029184653258615516e-03
-7.994108424772376764e-04
1.655908270068573614e-03
-5.043712612568218047e-03
-7.943808830775180322e-04
8.170447347730485851e-03
-5.043666529519984752e-03
2.545973297204495375e-03
8.423954457453574143e-03
-5.043254803379863989e-03
3.664034613912642985e-03
7.353134726261308790e-03
-5.028260573638924230e-03
2.523013121542126355e-03
1.356104170906504997e-03
-5.042148043911317060e-03
-3.663104195202505561e-03
7.396123181596696121e-03
-5.031452490802212733e-03
-3.707209173013301107e-03
2.368230867599529360e-03
-5.039824339615976874e-03
-1.862068091388227641e-03
5.724963709320062336e-03
-5.037401076876253138e-03
-3.677446342565282144e-03
3.986995581133528574e-03
-5.035113704065067447e-03
-2.180109483225643480e-03
2.783037328817595038e-03
-5.042252884737723727e-03
-2.195386215631413025e-03
7.001798098880391771e-03
-5.035259990740403174e-03
4.043551037106794897e-04
2.725426767206017443e-03
-5.042066061208281928e-03
5.079791121756846309e-04
7.085342048085227322e-03
-5.044317541398850649e-03
3.814805178291864884e-03
8.624985500749761044e-03
-5.043291224555757762e-03
-3.812034158267426243e-03
8.620472273739137811e-03
-5.025267732556003633e-03
3.793840826420593129e-03
1.190523646042601765e-03
-5.023059977016789378e-03
-3.800935755854504498e-03
1.183249355989434478e-03
5.041243342561972651e-03
1.001074347883942157e-03
8.350013510535972752e-03
5.027750494141433601e-03
9.826836904841458088e-04
1.459915005275477101e-03
5.040379605101272253e-03
-3.519263911415377970e-03
5.713408705122231986e-03
5.043059492577912396e-03
3.595500771105134778e-03
5.715077919145409788e-03
5.035122135301280111e-03
-3.508476999743560462e-03
2.573053717708934443e-03
5.041903375816845015e-03
-2.540949941058298373e-03
8.463921707034919445e-03
5.034267456874273912e-03
3.612599459937046540e-03
2.458874351393730302e-03
5.038547617153081234e-03
3.592069545893247090e-03
4.089897713228614513e-03
5.042709399726462254e-03
2.133876710796594588e-03
4.910675664405712501e-03
5.041945366494474459e-03
2.012365929404175049e-03
6.786321410346973955e-03
5.042733318170403850e-03
6.766871463396546219e-04
5.733964069279659514e-03
5.044517696878369345e-03
6.475689127356971941e-04
4.142646783873168460e-03
5.041247378165440371e-03
-7.543158841937129067e-04
4.919962735548984514e-03
5.040480401290081854e-03
-7.918214613527541296e-04
3.338094945703193924e-03
5.040736351724324667e-03
-7.796036815422145065e-04
6.551910867928376070e-03
5.041278697835915520e-03
-2.296060544570069101e-03
4.124318582261850795e-03
5.037368487659807902e-03
1.987687924414183790e-03
3.023142915435627406e-03
5.042283219571920376e-03
-7.935562642699962432e-04
8.171740766455496546e-03
5.041509191101104133e-03
2.545721068894433916e-03
8.425198614112696521e-03
5.029480739858642468e-03
-7.804862618515106838e-04
1.658157499728973860e-03
5.040992805693395896e-03
3.664221508272448927e-03
7.353654393037327777e-03
5.027433547981996140e-03
2.524465058958496547e-03
1.356847286951481458e-03
5.041594110987204606e-03
-3.658963996004438966e-03
7.399659935379988146e-03
5.024603075924197366e-03
-2.450751163624362034e-03
1.363012928048045131e-03
5.040946782674950166e-03
-1.883099102323316761e-03
5.683191785698647400e-03
5.039805107248837047e-03
-3.880339901598930507e-03
4.117499673348281805e-03
5.035648577552167757e-03
-1.966268621046016012e-03
2.612190299539747084e-03
5.040668123971103233e-03
-2.195569633770754273e-03
6.997964915223428041e-03
5.036764321695490557e-03
4.096042059055765962e-04
2.726619446690708732e-03
5.041662119717597521e-03
5.070051147660948904e-04
7.085643529853576789e-03
5.041619412707623073e-03
3.815410496271417172e-03
8.624964224362855272e-03
5.042674911476549213e-03
-3.809567216044073504e-03
8.627884761954694379e-03
5.023696769719851463e-03
-3.793820642187264568e-03
1.190193494189289514e-03
5.021802428342123613e-03
3.793410994702892201e-03
1.192267136100513564e-03
3.594639102868073168e-03
-5.038821384274245856e-03
5.717035034143798551e-03
-3.520845923755416221e-03
-5.043182149389768137e-03
5.712857201614810788e-03
9.830796136287252903e-04
-5.026927514806236313e-03
1.462107202390311141e-03
9.990347997001736927e-04
-5.041451845933212113e-03
8.353502444039036939e-03
-2.548270050351837766e-03
-5.026913232950552118e-03
1.325243078658111095e-03
-2.543514346600874495e-03
-5.042874653548434262e-03
8.462372522870480543e-03
3.611115166290755282e-03
-5.032653671923991920e-03
2.462325765842027833e-03
3.591185200024733966e-03
-5.038053121534774234e-03
4.092072698376280834e-03
2.134074070960413020e-03
-5.040223999724366584e-03
4.913067938959121521e-03
2.010513294721490932e-03
-5.038602430447630329e-03
6.788998053613418474e-03
6.766321361580238027e-04
-5.040096485063851918e-03
5.733244378885427560e-03
6.475472293351054297e-04
-5.039086747743700204e-03
4.142439990881085880e-03
-7.549070343015416157e-04
-5.040121456503714008e-03
4.922331163993229862e-03
-7.789532548568602055e-04
-5.040193513479163806e-03
6.553703379468653681e-03
-7.892874180980385653e-04
-5.039373680400245463e-03
3.340317390661041476e-03
-2.181268245840177738e-03
-5.041038453510659004e-03
4.327034494901148276e-03
-7.998688441782685413e-04
-5.028404790287104194e-03
1.652339996756768551e-03
1.986275883783498227e-03
-5.038071667610753875e-03
3.028238464580775263e-03
-7.949526888443359841e-04
-5.039853769670126632e-03
8.175248251965104573e-03
2.543894472159264480e-03
-5.041221081478323464e-03
8.426241855918887094e-03
3.662810210739647805e-03
-5.039059505857029254e-03
7.356585149132369335e-03
-3.660100355396683335e-03
-5.043837558814975863e-03
7.397151247404203274e-03
2.524101913757890048e-03
-5.027139859432757513e-03
1.357718864493697927e-03
-3.707590560651233096e-03
-5.032213585896980895e-03
2.367922037854686135e-03
-1.860847380879384564e-03
-5.040994262845811986e-03
5.725201399392083716e-03
-3.675474072771181631e-03
-5.039196329427045665e-03
3.984542522516038021e-03
-2.179047288682937726e-03
-5.036985960840078408e-03
2.780212148874861879e-03
-2.192818128439571936e-03
-5.041897323592519145e-03
7.005257265377511609e-03
5.071721867468037461e-04
-5.040328225377309866e-03
7.088359631939476248e-03
4.047998605636313803e-04
-5.035839668619155989e-03
2.725125216944740067e-03
3.812547513845842076e-03
-5.040281463326820241e-03
8.627254340226172755e-03
3.794166736709989312e-03
-5.022018871651765144e-03
1.192723988880344498e-03
-3.811516643430334222e-03
-5.044103338504957873e-03
8.622921820781422400e-03
-3.802685916106173219e-03
-5.024726870799021625e-03
1.181523506262330313e-03
3.594676101359193382e-03
5.044164607183905871e-03
5.714332391022854639e-03
-3.524449868146508486e-03
5.042277433193823218e-03
5.710648804571346639e-03
9.817316313683759933e-04
5.025172283194744190e-03
1.460383313899199812e-03
9.985720463492151356e-04
5.044420199588219196e-03
8.346790149854911231e-03
-2.548333217286194094e-03
5.024807337199477600e-03
1.328058494560560706e-03
-2.545475152270022714e-03
5.045661683643351894e-03
8.459404158748851099e-03
3.610745490248837026e-03
5.034733769137125087e-03
2.458870913882235231e-03
3.590970592273046331e-03
5.040193227316957895e-03
4.089056512590617289e-03
2.134094025859077908e-03
5.043726154228820799e-03
4.908268658191590125e-03
2.010401240342558123e-03
5.044186995046427181e-03
6.782638869236626809e-03
6.764839871925580270e-04
5.044890637553802945e-03
5.729675040384403333e-03
6.462616296285791711e-04
5.040805516622145002e-03
4.141486700007726909e-03
-7.562491601529220276e-04
5.043671445682560740e-03
4.921066841218751757e-03
-7.803764853240446756e-04
5.042811305112452139e-03
6.548435865122370463e-03
-7.916466164440829701e-04
5.038391410220909028e-03
3.340532275954720236e-03
-2.184540808369772168e-03
5.042003734706724909e-03
4.328861577508548615e-03
-8.002305579076107083e-04
5.030843281928864923e-03
1.655415510519334847e-03
1.985164712871756183e-03
5.039044909334343403e-03
3.025180041422785050e-03
-7.956942370840151824e-04
5.046501160502996422e-03
8.168550739875721570e-03
2.542724020952029720e-03
5.043319457311582800e-03
8.423115355316623462e-03
3.661666107649336546e-03
5.043921625097804069e-03
7.352154937088311096e-03
-3.661785530905267965e-03
5.043620832210179636e-03
7.393309052195426619e-03
2.521848329727241315e-03
5.027774085795051230e-03
1.359600897249080027e-03
-3.712065077898017099e-03
5.033079078874515624e-03
2.369005393126841826e-03
-1.862347947870244408e-03
5.044353944797803045e-03
5.721958693406980351e-03
-3.678484451673558892e-03
5.039242482009826350e-03
3.984183766384158908e-03
-2.182908665363835106e-03
5.037476083691697602e-03
2.782441352650239386e-03
-2.193966070094786631e-03
5.042879657040393558e-03
6.999322519572994533e-03
5.055688574464436763e-04
5.043712320126621934e-03
7.082445980061368579e-03
4.043532148695090493e-04
5.035443216857363354e-03
2.723606353842754086e-03
3.811492100809093803e-03
5.043461931593354493e-03
8.624502859380846903e-03
3.792989729102187561e-03
5.023253149759613657e-03
1.192690375165406710e-03
-3.813186278969546775e-03
5.045387412316323580e-03
8.622869286669689742e-03
-3.801654921059458101e-03
5.022451585689451624e-03
1.184262541650353637e-03
7.975367869720370725e-04
3.333973508293815950e-03
-1.577006389030488113e-05
7.759466320408606350e-04
-3.421549927334963884e-03
-1.861883002262780155e-05
-3.573196359594744877e-03
8.211308833644284742e-04
-1.451651335643767760e-05
3.517511538381413744e-03
8.232528520077073446e-04
-1.509680865591711961e-05
-3.603754749833893139e-03
-2.438629697195290099e-03
-1.526003927790502810e-05
3.493488281422825470e-03
-2.377980240434954956e-03
-1.769704376698777242e-05
-2.557294166931193581e-03
3.578051699604585262e-03
-1.510455457238601085e-05
-3.572923168613706749e-03
-8.250344703907297201e-04
-1.920167140755461562e-05
-2.119677259501772000e-03
-1.743869799856223648e-06
-2.344715001503552054e-05
-1.981713746164578439e-03
1.919424812204215862e-03
-2.092962677827202363e-05
-6.696881931053850785e-04
8.340262265647327682e-04
-2.203996324142615314e-05
-6.689255252577688219e-04
-8.345765642721645434e-04
-2.304112383982171016e-05
7.468453973989694133e-04
1.348125901346012849e-06
-2.244855711086996144e-05
7.736096706146912460e-04
1.670256269601301524e-03
-2.047669583057814264e-05
7.466869703929618265e-04
-1.638734293914027211e-03
-1.978479191431635831e-05
2.261304271300234019e-03
-8.143894071174373082e-04
-2.084666385069245173e-05
-7.021389552175253497e-04
-2.464728181931539509e-03
-1.759653276645769220e-05
3.615259753565025491e-03
2.555513522777693239e-03
-1.556696302024396952e-05
-9.845050824602572578e-04
3.512383094454718351e-03
-1.839392925859398124e-05
-2.131757161403940309e-03
-1.650585085593192459e-03
-2.016124361414462008e-05
-2.295426525298441614e-03
-3.465153235819804119e-03
-1.945914552309392561e-05
2.510377407778856523e-03
3.646120229681413735e-03
-1.751925482634487661e-05
2.493834554701188956e-03
-3.633556215102922045e-03
-1.771165558089255460e-05
-3.640899509677715355e-03
2.490924029894983887e-03
-1.680865917811325978e-05
1.869995449041823854e-03
7.850537951832089589e-04
-1.608998811390571844e-05
3.857033786280885616e-03
-8.063995600676244005e-04
-1.816992434499080291e-05
1.955051642011112426e-03
-2.376533324813646583e-03
-1.309872807096715156e-05
2.180609996894850976e-03
2.135194275500890745e-03
-1.758261948769217084e-05
-8.057008093509212578e-04
-3.884297914729603791e-03
-1.415287211729988187e-05
-4.799130661614640545e-04
2.222844289712261855e-03
-1.970666283953989554e-05
3.785137053861287876e-03
3.786523933871639713e-03
-1.183737280081618820e-05
-3.786288562415259396e-03
-3.786603204059246861e-03
-1.060643515273443456e-05
-3.786210299648290912e-03
3.786162888951502721e-03
-1.174060612939172349e-05
3.786679123981361896e-03
-3.785631249391876747e-03
-1.279812637734794312e-05
-3.595163759907610973e-03
8.292058385830687215e-04
9.822933375734036604e-03
8.039004221075494051e-04
3.357758607126473845e-03
9.827445058341151979e-03
7.792382360973970808e-04
-3.439363917108784717e-03
9.829083194023419470e-03
3.538028994127549731e-03
8.347342520860297384e-04
9.827446438030235445e-03
-3.627173796075495050e-03
-2.454762314001765217e-03
9.824623825565668989e-03
3.516953243152760259e-03
-2.392788805463472255e-03
9.827967438919376492e-03
-2.577100737323530059e-03
3.603336022403144396e-03
9.824211983654148814e-03
-3.596166262875444535e-03
-8.300153867736551234e-04
9.825956007377732379e-03
-2.134317538450666157e-03
7.617700554047465004e-07
9.828594431024906264e-03
-1.995141694021093821e-03
1.932908354084580125e-03
9.824360109804555069e-03
-6.751854115304631570e-04
8.409154094142743145e-04
9.831101972171204725e-03
-6.759365740727320878e-04
-8.382075719760631854e-04
9.837325829770557015e-03
7.494641831373652233e-04
2.187591701121303475e-06
9.835383012422675361e-03
7.800790441346940919e-04
1.683822314614240876e-03
9.828960964981783149e-03
7.477975035802002408e-04
-1.646746512693095374e-03
9.837097155861363254e-03
2.277925487105767269e-03
-8.161633067914251215e-04
9.830871171984272017e-03
-7.085157604717538761e-04
-2.479525328431155754e-03
9.834307116158118311e-03
3.637334518199607670e-03
2.578443331994089479e-03
9.825816481088180815e-03
-9.923960662090451808e-04
3.537121633507392220e-03
9.822273299176819891e-03
-2.146665865711790740e-03
-1.660693853381850190e-03
9.828617028540242648e-03
-2.312476403336944947e-03
-3.485335980573571555e-03
9.824827149455062428e-03
2.527137352166089306e-03
3.670400225494721298e-03
9.826961912981952568e-03
2.510052178848530199e-03
-3.653876666792078929e-03
9.825982372654180549e-03
-3.665017138518395553e-03
2.510864668022504739e-03
9.825957988566799348e-03
1.883883986766086852e-03
7.933434750915556791e-04
9.830271459435251796e-03
3.884284547640426931e-03
-8.090712417464840161e-04
9.827539144023714549e-03
1.966696544737472994e-03
-2.389550535498912841e-03
9.831327127768560437e-03
2.195152270647666298e-03
2.153419430319292085e-03
9.827474730586429133e-03
-8.129142612602785782e-04
-3.905110008663521121e-03
9.829411550473459921e-03
-4.837080411495645071e-04
2.240743766486812723e-03
9.827497231130870661e-03
3.812184073910102576e-03
3.815578425268274180e-03
9.827035493190812432e-03
-3.814232814633500713e-03
-3.810801888215172364e-03
9.819130942486070657e-03
-3.813058403119182378e-03
3.815158717593238220e-03
9.823262557201095299e-03
3.812802120020698359e-03
-3.809750150616035471e-03
9.826186162098468971e-03
-3.532870326582256051e-03
-3.932888777671055859e-03
4.755681019529158123e-03
-6.069286644105267669e-07
7.258533432265805274e-07
4.916767425762573474e-03
-1.781983872973033926e-03
-1.782569734506749817e-03
6.003755174731473590e-03
-2.521300913216642254e-03
-2.522295121633693921e-03
2.466782480976103826e-03
1.861993588132780913e-03
-1.824046495531861595e-03
3.085047210522284550e-03
1.857112987231894496e-03
-1.827994539705723141e-03
6.747760691445083697e-03
1.175828327384518656e-03
2.051113130887704129e-03
2.972305141585005177e-03
-1.590745549177297567e-03
2.083143066129174593e-03
6.475375654026661182e-03
1.601418856108586218e-03
1.571184796506312504e-03
6.952623246078787345e-03
-2.038156367228821306e-03
1.181415008092070312e-03
2.940777711119882051e-03
2.606981246510142996e-03
1.893205443382900291e-04
4.948851444722813901e-03
-3.234744271569579442e-04
-2.646299749784299278e-03
4.123410463961834325e-03
-1.641331442484280170e-04
-3.693149554365348828e-04
7.404865695692497592e-03
-3.618459470351267134e-04
-7.018184255986906163e-04
2.483270289865839760e-03
2.659035275092038256e-03
2.910100665207605462e-04
2.198328372121054284e-03
-2.619850949931755175e-03
4.270059964650333800e-05
7.439918658292549170e-03
-2.788539117260205921e-03
1.727081939290025093e-04
4.977581184731543450e-03
-2.176486587098017925e-04
-2.776916410275676213e-03
7.508850088825356865e-03
1.614548705089075822e-04
2.797212265805225362e-03
4.993695188734656627e-03
2.608775535059400241e-03
2.639952568867281069e-03
5.036822325153770055e-03
-2.872551209814506578e-03
-2.871064844279307485e-03
7.701042508309247081e-03
-2.968816317295859281e-03
-2.544925086930417257e-03
4.477109952901226625e-03
2.548585346416406975e-04
-2.927531591552685886e-03
2.044181774810318718e-03
1.644848427221528428e-05
2.948973386356013287e-03
7.787193593786111839e-03
2.992497854780760708e-03
-1.972286140896274426e-03
4.916774390497292979e-03
-2.958463758219998657e-03
2.980874133801008578e-03
2.034578053694669365e-03
2.953820076200366126e-03
2.954605941523187011e-03
2.027610388059643016e-03
-2.764897975205298560e-03
2.740183748809717126e-03
4.553691822611402075e-03
2.942239266743714061e-03
-9.117929847698412482e-05
7.692096475332097297e-03
-7.369722843042574544e-04
2.780821322576904151e-03
2.098181541423060643e-03
3.005806660111079269e-03
3.008448088076254127e-03
7.792682762890388443e-03
-3.002568073999715374e-03
3.010203226477639517e-03
7.821729189306811034e-03
3.080771478608978781e-03
-3.070570254247118915e-03
7.904541254539803469e-03
-2.931907431695690135e-03
-4.841304355745701068e-04
1.961483040278638040e-03
1.312041766154913285e-03
-3.129560827895763210e-03
5.268476041992009064e-03
3.072132516019962858e-03
-3.064277489909529410e-03
1.906922786412757961e-03
-1.639269062136975742e-03
-1.120652534193730893e-03
3.957683351081470353e-03
1.198111543389630135e-03
-2.420884969271635656e-05
3.418282029450018297e-03
2.136358328516442279e-04
9.714327072435329901e-04
1.687719627113208869e-03
1.532343878870789055e-04
-1.686469824784375465e-03
5.845263025619514170e-03
-1.164704841294451768e-03
1.129483122315689831e-03
8.043794145518003841e-03
1.287284669267889240e-03
-8.577400993055474656e-04
1.589848439571974782e-03
3.249131079167583667e-03
1.464941716237080699e-03
3.630221726567739449e-03
-1.318548928256364902e-03
1.429982642736296258e-03
4.698970573333980348e-03
-1.600612831611996235e-03
-1.467754758768651359e-03
8.043263682417431740e-03
-8.197869854909027240e-04
-3.366342686459771437e-03
5.738969359318175922e-03
3.339567613025663101e-03
1.366527637221022235e-03
6.219230585565777361e-03
1.267689732753653773e-03
-1.263801712267490266e-04
6.252047028590637830e-03
-2.626463662751419605e-03
-3.407327237909078214e-03
6.014084357156195514e-03
-1.338309425640290791e-03
2.711790284047004940e-04
6.144989122077782785e-03
3.237207703156110353e-03
-7.355889351252341019e-04
3.552434342141540507e-03
1.211421554493734851e-03
3.372026982001482490e-03
6.417224307023833459e-03
1.218374115965599252e-03
1.334058667811316608e-03
4.614972093877752098e-03
-3.380584925898709979e-03
1.302220768101816292e-03
6.310453302536080979e-03
2.481510120346490291e-03
-3.425165970069664768e-03
3.853557283683511653e-03
-3.571828215070341293e-03
-3.467689523707456235e-03
3.288965869472385180e-03
-1.158328245397997631e-03
3.279050568741846521e-03
3.803208905652431717e-03
-3.374791047635627896e-03
-1.438302368092096977e-03
6.755153173650960650e-03
1.391165305632065426e-03
-2.637095419428898621e-03
8.216957208285545489e-03
7.561142188563093822e-04
8.408691709041976430e-04
8.304397009429835205e-03
1.243286955364693303e-03
-8.690906753509905058e-04
8.350190404796949822e-03
3.290180008582894566e-03
-1.291873581077995856e-03
1.606182559530278066e-03
2.932337060313515605e-03
-3.355922339585215748e-03
6.122248564028563711e-03
1.384089447700049364e-03
-1.251637804852855041e-03
4.663941867959500720e-03
7.856397036878280367e-05
1.367461840394305081e-03
6.048529046117095791e-03
-2.677298811114559030e-03
3.490677106685337403e-03
6.153129423375167627e-03
-3.375147951426492928e-03
-9.796667026361650932e-04
3.829982733965854678e-03
-2.312758589953653953e-04
1.041044623594958307e-03
3.374447966331694387e-03
