-5.008649854958745727e-03
-5.009066184092034538e-03
1.001360803598989185e-02
-5.050665756366332602e-03
-5.045834187288076450e-03
1.810996412082799896e-04
-5.009918421031994348e-03
5.009629893054187710e-03
1.001324133716868618e-02
-5.048373345908139902e-03
5.046628168146400500e-03
1.838140009441215431e-04
5.009240086427414577e-03
-5.009257419256256047e-03
1.001453392510344431e-02
5.042279644299155900e-03
-5.046552773346092181e-03
1.766364236563192894e-04
5.008342917326809828e-03
5.008769786298598002e-03
1.001249363448856490e-02
5.042463991035554469e-03
5.047818569560721426e-03
1.788500764670763880e-04
-5.047637621604879332e-03
-5.044486929019854904e-03
1.820426097636820926e-03
-5.045520669667525812e-03
-5.043222039898933966e-03
3.454651040239291489e-03
-5.041144408518535847e-03
-5.042022040718008129e-03
5.092252469353825139e-03
-5.037694364821203308e-03
-5.039941227261469231e-03
6.735184205036074886e-03
-5.028344817744002417e-03
-5.030822830549090338e-03
8.377186076596510392e-03
-5.010286593739247951e-03
-3.337143180704835524e-03
1.001485660302992194e-02
-5.013369681301869246e-03
-1.670132139268701993e-03
1.001734313482123724e-02
-5.013803378960388947e-03
6.996297940075007076e-07
1.001820581286718206e-02
-5.015023980539844162e-03
1.667425030075875975e-03
1.002125149511138603e-02
-5.011363891941337211e-03
3.337440685963302331e-03
1.001767935740665097e-02
-5.048608817208722135e-03
5.044999567179467119e-03
1.817257474169262955e-03
-5.046072088944199632e-03
5.042961894813259398e-03
3.453575141891424786e-03
-5.043699079404611804e-03
5.039313512759630888e-03
5.091833781769384074e-03
-5.038509988078694428e-03
5.034608135295282234e-03
6.734106282565308077e-03
-5.028811660452204430e-03
5.026457761230438727e-03
8.373096964573008283e-03
-5.047203253279410572e-03
-3.364352766753755247e-03
1.766441575453050062e-04
-5.045589680130337096e-03
-1.684197515061430696e-03
1.727524002706023912e-04
-5.043680557308712238e-03
-2.653211713628932862e-06
1.706839335093022266e-04
-5.056731066860848528e-03
1.682225627196962418e-03
1.880257095893125504e-04
-5.051025941925947615e-03
3.363607541264188212e-03
1.827447623448966120e-04
5.041746974365802179e-03
-5.045514262888945931e-03
1.816036801531418967e-03
5.042930480294261116e-03
-5.043757760642607335e-03
3.451441074540231163e-03
5.040438881491762779e-03
-5.041322809170457192e-03
5.090328637138233532e-03
5.033681343715427567e-03
-5.036171877335071656e-03
6.733938793506868796e-03
5.025986391157142782e-03
-5.029512049763122314e-03
8.376987175151579673e-03
5.010678258311564159e-03
-3.337382011203673254e-03
1.001594075620014339e-02
5.013931177427849439e-03
-1.668218377811718283e-03
1.001674542556427877e-02
5.013156115885801338e-03
-1.199108251433071909e-06
1.001646494473042506e-02
5.012893419249072127e-03
1.668360128991834166e-03
1.001908186502068615e-02
5.012146527309869690e-03
3.337915633703249056e-03
1.001660085836956517e-02
5.043568806160686827e-03
5.045213458261328839e-03
1.817636070178279932e-03
5.043098516275839119e-03
5.043556677519506030e-03
3.452059770525700479e-03
5.039746594323320054e-03
5.040524268474032288e-03
5.092216072537546386e-03
5.034607905547026224e-03
5.034706102322047440e-03
6.732919379240628888e-03
5.024606689602935557e-03
5.026943437818036896e-03
8.370370696539295233e-03
5.042649372634062238e-03
-3.363318280007529439e-03
1.732564017252116587e-04
5.044736954909740008e-03
-1.684659494221100919e-03
1.764800428320704821e-04
5.047273609838883075e-03
-1.876821931125829507e-06
1.779059380740123338e-04
5.048205064987409604e-03
1.683031616816776889e-03
1.807592270429461657e-04
5.048875574638901111e-03
3.364496407438230530e-03
1.839945913074783645e-04
-3.367557513831981059e-03
-5.053050212136206074e-03
1.860055061537284056e-04
-1.684185665467706266e-03
-5.051636427772525709e-03
1.842902968431494931e-04
-2.420956694198954506e-06
-5.048010735790524339e-03
1.768172483079404912e-04
1.680479235549587128e-03
-5.050705868077640971e-03
1.807267858096557665e-04
3.362621515160624328e-03
-5.051522828409224161e-03
1.812995820535424896e-04
-3.335953372774932892e-03
-5.010171098219022220e-03
1.001722274426469599e-02
-1.668892260313084401e-03
-5.014434115984024373e-03
1.001751143393005659e-02
-8.388915316566096817e-07
-5.013645755305410831e-03
1.001692414063012383e-02
1.666971059024251146e-03
-5.012587424123627483e-03
1.001784586626167442e-02
3.336632029566701050e-03
-5.010661005630158253e-03
1.001646692224904614e-02
-3.365890296182242215e-03
5.050155647518200265e-03
1.851812384216255155e-04
-1.685267903695030758e-03
5.044543632313144843e-03
1.782666943801656211e-04
-2.987316066901585907e-06
5.045008327409589155e-03
1.760851591878495126e-04
1.681949804159709166e-03
5.048181405531542050e-03
1.804005470594819641e-04
3.361386987069335183e-03
5.045565215403920514e-03
1.779244513326314373e-04
-3.336221065389431174e-03
5.011547721753450285e-03
1.001577731909773089e-02
-1.668874583672818723e-03
5.013616198261173357e-03
1.001646236800405980e-02
-3.704158727379587265e-07
5.014604799325609805e-03
1.002117003223261874e-02
1.668642461057465122e-03
5.013282677672884803e-03
1.001911373543455143e-02
3.337114404214363336e-03
5.012368418794925506e-03
1.001642983329359415e-02
-5.040299482320224379e-03
-3.522052410842139297e-03
5.893908832043472101e-03
-5.028169193189305566e-03
9.960082671681986383e-04
8.533003392289966946e-03
-5.048157582658562188e-03
9.847442300393988417e-04
1.643365643105463561e-03
-5.040632776861477676e-03
3.591149201019472846e-03
5.895000300119814483e-03
-5.048549734844342760e-03
-2.564689497611420156e-03
1.508577419569778755e-03
-5.025928691205407833e-03
-2.533923752106958301e-03
8.639930181183310201e-03
-5.046404917337430837e-03
3.620283838761242066e-03
2.641020585029863962e-03
-5.043974362065671395e-03
3.591762272958085467e-03
4.268426275249040218e-03
-5.043417519818130940e-03
2.133040285950568889e-03
5.085827282183332486e-03
-5.037905802988604936e-03
2.005613911059369713e-03
6.961850802420841908e-03
-5.042833190407236890e-03
6.742963881227787178e-04
5.906201220137696078e-03
-5.044085967918765338e-03
6.462801199458360858e-04
4.315973923714209147e-03
-5.044300575863608360e-03
-7.563482830791254646e-04
5.096486938904937203e-03
-5.040219704811168058e-03
-7.800714251853988444e-04
6.728305392176668273e-03
-5.045824246780640163e-03
-7.934601222935334366e-04
3.516753250802568016e-03
-5.042271555336166021e-03
-2.183668552327979948e-03
4.505445705445869538e-03
-5.044905073842255797e-03
1.988083049216347875e-03
3.202700859391441855e-03
-5.047886756731002206e-03
-8.044664634995093815e-04
1.833967676844120830e-03
-5.027477964917762693e-03
-7.927491192764939913e-04
8.352037572478864316e-03
-5.027740568985973948e-03
2.531579830456526844e-03
8.607049061520155586e-03
-5.033327048685540608e-03
3.652632160413656591e-03
7.535626323214339103e-03
-5.048126949116619501e-03
2.537002027787896557e-03
1.541835256512972185e-03
-5.034850582023551319e-03
-3.656389545202726622e-03
7.577042348858817680e-03
-5.046830101702627636e-03
-3.719140405727720637e-03
2.553617266689120219e-03
-5.039583465500608803e-03
-1.861467852557292671e-03
5.900709060240687948e-03
-5.041755767259117546e-03
-3.679540277038239812e-03
4.167819454520333387e-03
-5.045126188435467354e-03
-2.185940202882195784e-03
2.958126229606820694e-03
-5.038044104694502402e-03
-2.191319039351761165e-03
7.179609463804777561e-03
-5.044284444424521931e-03
4.031005749813982002e-04
2.902164118816750755e-03
-5.036160428903351666e-03
5.063050903788174654e-04
7.261904430528290551e-03
-5.025058262565957473e-03
3.794387901514452259e-03
8.810930772226851712e-03
-5.020995283850861537e-03
-3.796239180460035233e-03
8.806132958357944587e-03
-5.048391325751616816e-03
3.813611797404529297e-03
1.378456167476941512e-03
-5.048819233609436880e-03
-3.822818129545791158e-03
1.369543035489708153e-03
5.023934329947727859e-03
9.957693634486310813e-04
8.528245298145463449e-03
5.042340555167016715e-03
9.859333909401760999e-04
1.639656044933534510e-03
5.037358573997338836e-03
-3.520140434570413670e-03
5.889609742643934706e-03
5.037619123270248300e-03
3.590355532709519227e-03
5.893402659062829327e-03
5.044218013831564852e-03
-3.518777329493029057e-03
2.751381982341425444e-03
5.025172580179261030e-03
-2.532609258094570791e-03
8.642201339292041040e-03
5.042639295341764735e-03
3.621276917768334082e-03
2.640077470733246008e-03
5.042157947831686637e-03
3.593068409690909713e-03
4.269256566701100895e-03
5.042012952921235205e-03
2.131487498082250843e-03
5.083419264228466843e-03
5.036836884913470890e-03
2.006215668939178784e-03
6.960126995942351666e-03
5.040610949196023920e-03
6.730850626064509724e-04
5.904054274613209502e-03
5.043742297439320933e-03
6.465378380985223111e-04
4.312245041757791809e-03
5.041027415492831988e-03
-7.562485565596243969e-04
5.091468805787122826e-03
5.043686977770634773e-03
-7.946188893208775469e-04
3.511257238643498459e-03
5.035153640839958901e-03
-7.807757097780215587e-04
6.725306556202230446e-03
5.042875036047928146e-03
-2.298827626148193873e-03
4.297452329711059019e-03
5.041885147036750253e-03
1.990647738612374290e-03
3.198698063419653462e-03
5.026606315675378502e-03
-7.920534891348877862e-04
8.350565733512508443e-03
5.024875992720148968e-03
2.531734345020496442e-03
8.605786374209641390e-03
5.043212208531416135e-03
-7.868481660176028080e-04
1.836292536182202373e-03
5.030993079465416115e-03
3.652591197487524335e-03
7.532909219139767923e-03
5.043428253450140189e-03
2.538150478429723224e-03
1.539406219490745131e-03
5.031149434723484158e-03
-3.655021218298176462e-03
7.578374153763114789e-03
5.045452428224531972e-03
-2.467982528373127010e-03
1.545631259174567876e-03
5.038357852279112988e-03
-1.884071426094776182e-03
5.856013507330126017e-03
5.041125347342944804e-03
-3.884240998304466612e-03
4.295512277719837173e-03
5.043460424333326766e-03
-1.973849339734154180e-03
2.787624936775858972e-03
5.034711949297321180e-03
-2.195144817341574198e-03
7.171997968028013051e-03
5.043742120370372020e-03
4.087259717560527694e-04
2.899636059694499484e-03
5.034242845728500657e-03
5.047175602399655431e-04
7.258934955086680622e-03
5.021242753458640511e-03
3.794410577020703584e-03
8.807318216055374724e-03
5.023369366257818096e-03
-3.795280476113205119e-03
8.809412152853487651e-03
5.042881292840312689e-03
-3.815591306131633619e-03
1.373426504235432779e-03
5.042871691884264276e-03
3.815471706412773296e-03
1.376153221988690202e-03
3.591475721792065142e-03
-5.038742448336764115e-03
5.893266299042492461e-03
-3.520792901006785693e-03
-5.041702722664798131e-03
5.893096262733940084e-03
9.848946263242271213e-04
-5.047379718456279987e-03
1.642629003329100284e-03
9.924578569739054418e-04
-5.028477199429414769e-03
8.530127394474250335e-03
-2.567172848377805450e-03
-5.045531689784945109e-03
1.509382650351083618e-03
-2.531115707992452873e-03
-5.027879905646103972e-03
8.643237055589229195e-03
3.618443692155786512e-03
-5.044602042401311222e-03
2.642118731165849378e-03
3.592200371435197524e-03
-5.042592147060647768e-03
4.269285333437282393e-03
2.132617331623027496e-03
-5.042954337595582232e-03
5.083847497502142626e-03
2.006490232334711462e-03
-5.036903572473798961e-03
6.959532794820772611e-03
6.756613212445886909e-04
-5.041275394470610266e-03
5.904198216993617777e-03
6.459664076148450770e-04
-5.042419061351625410e-03
4.314099822607577600e-03
-7.556332868126264040e-04
-5.040699829023005674e-03
5.095049581533822765e-03
-7.792890024524580083e-04
-5.039512240214428541e-03
6.726327503072898270e-03
-7.938844447704911794e-04
-5.044638711621005772e-03
3.514221198085482577e-03
-2.183880409348151752e-03
-5.043563939854570945e-03
4.502755310580273951e-03
-8.050574387290607582e-04
-5.045251789746801538e-03
1.832638837424959387e-03
1.987659888705370272e-03
-5.043751539173158341e-03
3.200764705081796373e-03
-7.941669018464331568e-04
-5.027072701805243744e-03
8.352484564088824559e-03
2.531139654276334458e-03
-5.027396747258859773e-03
8.605828052486028806e-03
3.652495802689582297e-03
-5.032145550498089842e-03
7.534451910365927776e-03
-3.654387027729971791e-03
-5.036372785154119569e-03
7.578817706758482313e-03
2.537727027851921328e-03
-5.045760743609160187e-03
1.537461347782878183e-03
-3.721966382553710227e-03
-5.044172468033777078e-03
2.554352258816459768e-03
-1.860958599903341209e-03
-5.041609240621831335e-03
5.899415472353898918e-03
-3.679414524859648573e-03
-5.042165681124510454e-03
4.165984475847437155e-03
-2.186926696955633024e-03
-5.043999364023118472e-03
2.957017384072889096e-03
-2.191496944965039186e-03
-5.040059697016202947e-03
7.179933010721320855e-03
5.051508631597788953e-04
-5.038573982261413883e-03
7.259517877304416666e-03
4.028759470878910437e-04
-5.044327241771003750e-03
2.899621516601530880e-03
3.793292464733870068e-03
-5.024745804979616551e-03
8.809426875813540156e-03
3.812575690476190885e-03
-5.044890768070149807e-03
1.376363790788560091e-03
-3.792608020530515486e-03
-5.025388285474940119e-03
8.808021874103233451e-03
-3.826224203261789376e-03
-5.046366579120831197e-03
1.369324961530336143e-03
3.590198255723391855e-03
5.036668468935251095e-03
5.894506644371659207e-03
-3.522104878979404746e-03
5.038082584214605662e-03
5.889633890843650604e-03
9.851264115584555149e-04
5.043900400115222671e-03
1.641952395231461182e-03
9.941955732239938972e-04
5.024084290921345015e-03
8.528868291579340746e-03
-2.566529774462561909e-03
5.045925743366034243e-03
1.511626341128332685e-03
-2.532661342101453356e-03
5.027549267577963339e-03
8.640555965280832112e-03
3.619748994993328070e-03
5.044912599154415672e-03
2.640423506920141963e-03
3.593006636415820802e-03
5.042313515250062758e-03
4.268544410843498962e-03
2.132876911600922482e-03
5.041903317270912156e-03
5.082933271921911619e-03
2.005551249863492258e-03
5.035624909828149282e-03
6.959691610465308133e-03
6.744701976448392276e-04
5.041667481665354847e-03
5.901948906751506956e-03
6.455087095975183724e-04
5.041596898451975763e-03
4.314329358564608988e-03
-7.563338282108471094e-04
5.040821793267037144e-03
5.094437406717741354e-03
-7.790669955326055959e-04
5.035381245483704776e-03
6.724713816906272880e-03
-7.946448501183430747e-04
5.041840768566558176e-03
3.515139233126753603e-03
-2.185367649026812020e-03
5.041061938074129986e-03
4.503948006617358377e-03
-8.047912135538532168e-04
5.045617527796636761e-03
1.835491443654962019e-03
1.988370951598245669e-03
5.042514926299472566e-03
3.201542517856227014e-03
-7.919187579841419945e-04
5.027538542906168605e-03
8.349463644435763110e-03
2.530309097408661549e-03
5.023835851698059234e-03
8.605229274115893875e-03
3.652417478360975647e-03
5.031078046102125181e-03
7.533024413635393442e-03
-3.654847570606304524e-03
5.031823193746276339e-03
7.575362885464071404e-03
2.536825272263803881e-03
5.045728923030600062e-03
1.542735847306926384e-03
-3.722905330898809099e-03
5.043159952315714317e-03
2.553019899158413646e-03
-1.860535592493210494e-03
5.039366312509619729e-03
5.897684094197294322e-03
-3.681237908033744080e-03
5.042009256453734191e-03
4.165784544796681359e-03
-2.188854510470212168e-03
5.042903149896141128e-03
2.958287517115798081e-03
-2.191623026337507444e-03
5.035827322956790315e-03
7.176138807181709801e-03
5.050996349624204892e-04
5.034481075108518736e-03
7.258275752451148928e-03
4.033509262159435337e-04
5.042389803961274709e-03
2.899922205536493297e-03
3.792075681700459323e-03
5.019362305708720794e-03
8.808434890445171125e-03
3.813076815885632805e-03
5.044771320081789176e-03
1.377696537450980724e-03
-3.795639369246072911e-03
5.023019207229132387e-03
8.808243422888117208e-03
-3.824876311089635446e-03
5.044138415955193126e-03
1.371167325750584452e-03
8.022688643726291063e-04
3.356579492567411498e-03
1.720241122256196172e-04
7.784441810987923101e-04
-3.445799782510149817e-03
1.762515805599420703e-04
-3.600114780566829667e-03
8.260923222676105513e-04
1.744764093994636178e-04
3.539670929188037680e-03
8.313499990048155023e-04
1.705022393785173625e-04
-3.629631317183512878e-03
-2.459719009437183641e-03
1.785789231647968956e-04
3.518334309059602261e-03
-2.399181466200008515e-03
1.789882307295796900e-04
-2.581398706102414758e-03
3.602864064365796440e-03
1.790468794454810723e-04
-3.599794314889001069e-03
-8.341018247233304966e-04
1.746418188017546263e-04
-2.138810056620666158e-03
-2.298673075992379103e-06
1.709153220036225228e-04
-1.998902988616318467e-03
1.931227163562334453e-03
1.732657387943510293e-04
-6.787266275512144915e-04
8.399802447657109998e-04
1.715998373940755847e-04
-6.799889573413026630e-04
-8.415045869909262150e-04
1.715056791384557237e-04
7.482292632650489701e-04
-1.987910489408645690e-07
1.721403053551904215e-04
7.798049364881797993e-04
1.682502815907164747e-03
1.718878800793122315e-04
7.465175967842864121e-04
-1.651377250057053285e-03
1.731093613805022497e-04
2.279311552423176658e-03
-8.194389002268311463e-04
1.753954021430594230e-04
-7.123294992091429257e-04
-2.484629904545817072e-03
1.714685991018050635e-04
3.639207311909004039e-03
2.577717606858344161e-03
1.760296312016858809e-04
-9.957049314231541329e-04
3.536716622326598319e-03
1.764427063501599919e-04
-2.149663771604138664e-03
-1.664606404480241516e-03
1.719661329308944683e-04
-2.315647197365711119e-03
-3.491002877739214638e-03
1.767551532589272615e-04
2.528319667375168375e-03
3.672230692282561857e-03
1.769323925408126594e-04
2.509700169466771904e-03
-3.660722648546653815e-03
1.760813231434112504e-04
-3.671141085049114180e-03
2.509523749574053050e-03
1.783521056849022115e-04
1.885060165146086510e-03
7.917109009472274609e-04
1.723818750522707575e-04
3.886102422000904926e-03
-8.143239557097362198e-04
1.738960065604851636e-04
1.966628292938922030e-03
-2.395877953582348317e-03
1.754086051216322169e-04
2.195795301537975530e-03
2.152756837566340096e-03
1.714032823493505094e-04
-8.162541256106230127e-04
-3.911534272986687440e-03
1.733107591993210915e-04
-4.857368938391798223e-04
2.239781201279483248e-03
1.727176102013490509e-04
3.813996871064907757e-03
3.816534757981373312e-03
1.748132116129992402e-04
-3.818706685582045832e-03
-3.816260310201359529e-03
1.790429645990772604e-04
-3.818186135810426162e-03
3.815172231300360296e-03
1.780447771194626440e-04
3.813816198959378307e-03
-3.816028331884501607e-03
1.730147283681533960e-04
-3.572349635566116500e-03
8.214777567084950542e-04
1.001341881045763986e-02
7.968450966786929561e-04
3.335207847388297741e-03
1.001619610382726601e-02
7.759357727090418835e-04
-3.420495848225127682e-03
1.002001810803163258e-02
3.517688823831833199e-03
8.245072742459592062e-04
1.001714566643921965e-02
-3.602296676166479202e-03
-2.439463723537351348e-03
1.002041791619283709e-02
3.494546097503051056e-03
-2.377270388399794869e-03
1.002239435132690898e-02
-2.557350387125162990e-03
3.577227484919689136e-03
1.001970332326233143e-02
-3.571706754364852715e-03
-8.290196287151712458e-04
1.001636539796421470e-02
-2.119246644341140750e-03
-2.166790784897119462e-06
1.002000846479902084e-02
-1.981767996633027572e-03
1.916992229756561391e-03
1.001775779827713229e-02
-6.706902204098133839e-04
8.347268716983231602e-04
1.002156420325447245e-02
-6.706773300236574392e-04
-8.348708013175741788e-04
1.002197807482631611e-02
7.464055598601580235e-04
3.164191021019399871e-07
1.002270618190649089e-02
7.752921594144927993e-04
1.669039758612017805e-03
1.002091501542685947e-02
7.447915485585866486e-04
-1.639833335366315276e-03
1.001954829607156969e-02
2.262001674040646244e-03
-8.150520724478577464e-04
1.001946210583990783e-02
-7.042846202880279809e-04
-2.465805150111241746e-03
1.002311981848726628e-02
3.614740308273003012e-03
2.555168296335205962e-03
1.001596826307056889e-02
-9.874812053766912536e-04
3.512070246125388682e-03
1.001366711087530066e-02
-2.129931240932182029e-03
-1.650263256036230315e-03
1.002330008995305777e-02
-2.294248951273617203e-03
-3.462846894893477356e-03
1.001697597825748631e-02
2.509082464747049591e-03
3.645831300622716809e-03
1.001770670844669489e-02
2.491232750638866945e-03
-3.631852793379593443e-03
1.001369122255938056e-02
-3.641711515082262599e-03
2.491186651835089645e-03
1.001894647439715777e-02
1.871329778100540081e-03
7.841556114271524278e-04
1.001640472026973407e-02
3.859383636651502868e-03
-8.093750129217957764e-04
1.001295567709172864e-02
1.952997702958242767e-03
-2.378314976677300095e-03
1.001812123067354586e-02
2.180047590579664660e-03
2.135512872739594135e-03
1.001620251519604043e-02
-8.052585964863805731e-04
-3.881743670188210048e-03
1.001481876201315742e-02
-4.792977450873313534e-04
2.222116774806673356e-03
1.001734505038531960e-02
3.787094021399774278e-03
3.786158114767163626e-03
1.001447058463056372e-02
-3.785426878847849251e-03
-3.785058939077280346e-03
1.001042615968819431e-02
-3.784165531245992867e-03
3.786889461789190534e-03
1.001195634038195247e-02
3.786294879532364419e-03
-3.783914474638603361e-03
1.001135189444882223e-02
-3.534227962582905339e-03
-3.933632559264732889e-03
4.932326575396809958e-03
-2.404649101922482351e-06
-8.651789544550058627e-07
5.078017842217402364e-03
-1.782213860006408258e-03
-1.781281013172326738e-03
6.167944122788892626e-03
-2.530877579187843038e-03
-2.529787465683362886e-03
2.640388935888316087e-03
1.863758639404594240e-03
-1.829937032572413963e-03
3.250706038040251846e-03
1.853596767450263168e-03
-1.826630964270806092e-03
6.912492310438360897e-03
1.177604030501460146e-03
2.054325917436943330e-03
3.138272280081713574e-03
-1.589550500461593512e-03
2.076763500734980089e-03
6.642228844004295293e-03
1.597316192366959268e-03
1.565396756631245653e-03
7.118165245854086304e-03
-2.043231043663686769e-03
1.183958321662340789e-03
3.107539201578139905e-03
2.606692741698187540e-03
1.875604128563834120e-04
5.111851875214227202e-03
-3.258809954555046107e-04
-2.648190658002735984e-03
4.289705252061243833e-03
-1.647043918131699085e-04
-3.704171798195795835e-04
7.571805250470837675e-03
-3.639007959918608669e-04
-7.048276529175684195e-04
2.649866678183606349e-03
2.666425453361859384e-03
2.902939824994662317e-04
2.367540380709112248e-03
-2.615425480602577915e-03
4.116384841958971541e-05
7.611305217347458241e-03
-2.790797638399769489e-03
1.712320628830522570e-04
5.143337578524842177e-03
-2.170931608213958494e-04
-2.773531528966738553e-03
7.677096967973254076e-03
1.593049481638182977e-04
2.794526080835546891e-03
5.158658033445235290e-03
2.606721203227497976e-03
2.637565952002732857e-03
5.204258611485861746e-03
-2.864419932913592724e-03
-2.864812187176994825e-03
7.874939914020365542e-03
-2.971695524633105948e-03
-2.545804509204848028e-03
4.648414327793111249e-03
2.532726137777508704e-04
-2.938130615196746145e-03
2.217131684617527389e-03
1.551468431100384238e-05
2.937634163023132485e-03
7.958541046521896978e-03
2.992429397362167485e-03
-1.972120746011820410e-03
5.082504848588067711e-03
-2.970362539937101802e-03
2.991173246777757699e-03
2.209556779641008977e-03
2.963358386938123607e-03
2.965020510537529422e-03
2.201731635254726600e-03
-2.765799569473639894e-03
2.739227187567961925e-03
4.723753602643009086e-03
2.934554677142517214e-03
-9.279101555728187583e-05
7.861767229752241945e-03
-7.401814878303284535e-04
2.789169519613273612e-03
2.269111048012499229e-03
2.994306520801920651e-03
2.993981463600193984e-03
7.967876207033824584e-03
-2.991885789867076376e-03
2.998281961405394741e-03
7.997881161035589465e-03
3.070570578447023250e-03
-3.062783610368194267e-03
8.076857491535379893e-03
-2.946730334055613736e-03
-4.877391281879468569e-04
2.134296277513815249e-03
1.311097812860421118e-03
-3.129816807826165444e-03
5.434283918463345131e-03
3.082110588574537083e-03
-3.077259216054847347e-03
2.081460706732168268e-03
-1.643121467494642598e-03
-1.121409555685976911e-03
4.119620923126592581e-03
1.197547544325161745e-03
-2.575945225966759088e-05
3.580865832962700900e-03
2.158177622524044088e-04
9.751489146428391234e-04
1.857582726888775716e-03
1.516523407000959880e-04
-1.686191415359882852e-03
6.008492430070628242e-03
-1.161555689057638084e-03
1.123287916262428500e-03
8.217448040643263521e-03
1.292866413720528910e-03
-8.627208074385602204e-04
1.763164796695766874e-03
3.249115387840041669e-03
1.466497866238316086e-03
3.796610472739212969e-03
-1.319557435005705133e-03
1.427415017561347796e-03
4.862360377500504413e-03
-1.596450063493036258e-03
-1.465081035891019562e-03
8.213995370147239225e-03
-8.195394420405770902e-04
-3.365820733723302004e-03
5.907809614506923622e-03
3.337310663435502298e-03
1.362420143738785235e-03
6.385528382728000892e-03
1.265261354785775358e-03
-1.279633027285615734e-04
6.415023323262593509e-03
-2.624781422175124362e-03
-3.405916711201188805e-03
6.186523522763926093e-03
-1.338717398136956898e-03
2.689722466489793159e-04
6.309373958926041068e-03
3.238145863041796448e-03
-7.375576721816637501e-04
3.718174533075400967e-03
1.207540235249377923e-03
3.367194988461361810e-03
6.584906158132668164e-03
1.217391151310839251e-03
1.332134207994953952e-03
4.777641427835746871e-03
-3.379322099166314625e-03
1.298944050123221339e-03
6.479560365614325801e-03
2.483789399856650097e-03
-3.429291689804951117e-03
4.022516210160709434e-03
-3.579382567705056018e-03
-3.472030481493433313e-03
3.464622640142786102e-03
-1.160774148291474420e-03
3.279069826369096757e-03
3.970657096091185188e-03
-3.372408327871318119e-03
-1.436316325181614039e-03
6.926558086149095864e-03
1.386111786202539687e-03
-2.633318445827285189e-03
8.387411105067287334e-03
7.524837949035705640e-04
8.353783274172368878e-04
8.477777994821746391e-03
1.238542318771864185e-03
-8.689387476261513973e-04
8.521180406728954063e-03
3.303147094439682838e-03
-1.299475531238304454e-03
1.780142238299467364e-03
2.928080820720994643e-03
-3.354248520781879638e-03
6.290840349539319164e-03
1.383881720328542040e-03
-1.253514004427630632e-03
4.825574985383062482e-03
7.762558512209681431e-05
1.363297979349924801e-03
6.212139387789629603e-03
-2.673959404706442462e-03
3.485521223805443467e-03
6.325631891519700040e-03
-3.380571406110573739e-03
-9.815662700152930163e-04
3.999388185085436115e-03
-2.322951233769067112e-04
1.041576296562232457e-03
3.537262009122286912e-03
