-4.656932353335214297e-03
-5.082752818013450656e-03
1.007861817748553421e-02
-4.633310189650904215e-03
-5.083415569107673296e-03
-1.047392012769696884e-04
-4.659646557248693297e-03
5.093360337849209447e-03
1.007647684789214973e-02
-4.629926124701836017e-03
5.096783177237177755e-03
-1.094296445652078473e-04
5.024954657453972219e-03
-5.014953365638649511e-03
1.001434013294901990e-02
5.028399852119435146e-03
-5.018342703173122449e-03
-1.925379600160175380e-05
5.027453385114424161e-03
5.018086421121856731e-03
1.001921421044988693e-02
5.027691584129208476e-03
5.016359234399745022e-03
-1.557045673417539110e-05
-4.648685572774235650e-03
-5.081844068559269664e-03
1.589064758433092646e-03
-4.653545223859347976e-03
-5.082376396748467841e-03
3.286307838201349071e-03
-4.658982636780417338e-03
-5.081334296443494603e-03
4.986502221979350995e-03
-4.651474805407971279e-03
-5.092037700192579910e-03
6.682080877237728603e-03
-4.649371247503560414e-03
-5.093410058483875333e-03
8.384790744689661970e-03
-4.664633434954179071e-03
-3.389893600465455296e-03
1.007307865200310869e-02
-4.667734988575172883e-03
-1.694457665938492842e-03
1.007412987288598509e-02
-4.673551547599062196e-03
6.475330130756648917e-06
1.007558660381132308e-02
-4.666554208889103772e-03
1.706224116077537231e-03
1.007233273331021618e-02
-4.669910811319113661e-03
3.399087362827197395e-03
1.006861623876443949e-02
-4.626682881433914589e-03
5.105682405378065593e-03
1.590294124580667089e-03
-4.641697627285628139e-03
5.099750793698627771e-03
3.285941568853993980e-03
-4.642399611511231587e-03
5.101720275314430668e-03
4.985742333538623408e-03
-4.634979518531861555e-03
5.111789724342889751e-03
6.683550712794742409e-03
-4.648235269801920082e-03
5.100509504960458462e-03
8.379746962396296753e-03
-4.641671629101353468e-03
-3.389070501536042834e-03
-9.948966044535166955e-05
-4.652269906941354158e-03
-1.694823725782634979e-03
-9.838081246281707903e-05
-4.655182273257140770e-03
4.896983239503800536e-06
-9.470879698861921323e-05
-4.612660133019053435e-03
1.707421292289614152e-03
-1.220333396050194417e-04
-4.624465466911760470e-03
3.402335921550887505e-03
-1.121279021492249315e-04
5.034948356141117493e-03
-5.022392504970360320e-03
1.659061152640926677e-03
5.033839572872668595e-03
-5.026469748447753849e-03
3.330797020324479437e-03
5.036559466954343596e-03
-5.027333338761540669e-03
5.001573961730533362e-03
5.035194372753405180e-03
-5.025338599395074227e-03
6.669898299829907923e-03
5.031881193558366584e-03
-5.023199917986037773e-03
8.342887845588694770e-03
5.031738615794161332e-03
-3.343098431684165487e-03
1.002432395922850730e-02
5.040506290962887617e-03
-1.669578327903447354e-03
1.002584819635522415e-02
5.038091122313428233e-03
-3.445351443430670320e-06
1.002226726105036325e-02
5.035008687200200929e-03
1.672330571231682265e-03
1.002588610521377814e-02
5.031122567561939138e-03
3.341586383227332369e-03
1.002149761203260415e-02
5.034274230383675719e-03
5.023007572380029130e-03
1.658578435767548093e-03
5.041151975973711362e-03
5.027203477786269803e-03
3.327772509304903481e-03
5.036013930970058630e-03
5.024724843395414649e-03
4.999630266154627550e-03
5.037011428400206027e-03
5.026194031452722692e-03
6.674032099596889644e-03
5.032263483482829654e-03
5.021379469146900441e-03
8.338902521955798494e-03
5.033806902738498582e-03
-3.342666896718731601e-03
-2.300467122533396335e-05
5.032623081217185712e-03
-1.667530839699619700e-03
-3.058992947219045213e-05
5.040440604928092191e-03
-8.265068881943491104e-07
-2.585142653703049865e-05
5.033698063721322134e-03
1.671482375930840019e-03
-2.636438892229369660e-05
5.029679029680034046e-03
3.340876505762804902e-03
-2.216216614394095691e-05
-3.030683752264413250e-03
-5.085344474763878707e-03
-9.925869146312141093e-05
-1.420314663828343418e-03
-5.079372209891320003e-03
-9.207485357653248062e-05
1.883378924308504469e-04
-5.080757041280123398e-03
-8.451794692953150856e-05
1.796351360436952488e-03
-5.076243358928822676e-03
-7.582985103941388956e-05
3.414933444281452977e-03
-5.058587858570867853e-03
-5.410028395467247919e-05
-3.042712317473137123e-03
-5.080961607910767890e-03
1.008314043052990945e-02
-1.436837293428935933e-03
-5.076285119277798401e-03
1.008071454133340275e-02
1.767889798945153986e-04
-5.073201110308693876e-03
1.007833218812105233e-02
1.784189309783599641e-03
-5.067688006939012613e-03
1.006998682789570464e-02
3.404505120880367726e-03
-5.052868416072687878e-03
1.005076960102338143e-02
-3.022749550466458796e-03
5.098951959557798674e-03
-1.002642933085412470e-04
-1.417519021298661733e-03
5.097032373525603281e-03
-9.267583821266902277e-05
1.918450783789512552e-04
5.090051706391821723e-03
-8.528030278855675667e-05
1.797826643287362813e-03
5.082290685647678115e-03
-7.767823842903947575e-05
3.419234660866869637e-03
5.063042375622171624e-03
-5.565001240368790358e-05
-3.047541252384187299e-03
5.089774772147285381e-03
1.007755739795498755e-02
-1.437868134407709053e-03
5.086421139262285555e-03
1.008325026435151484e-02
1.788496732792118097e-04
5.076996184126229307e-03
1.007859698595768572e-02
1.795472553348225527e-03
5.072600501591279822e-03
1.007456014364217951e-02
3.412307383153078116e-03
5.054883548586320066e-03
1.005960772466936784e-02
-4.655754163916342100e-03
-3.552455982683163510e-03
5.813862269121162357e-03
-4.664729272482486498e-03
1.018160368402910333e-03
8.543972035085081046e-03
-4.645921678571654501e-03
1.005180380878921984e-03
1.414382235343957916e-03
-4.654608988137204188e-03
3.639680499380244794e-03
5.819964692985848780e-03
-4.647946727182290100e-03
-2.582072384344838434e-03
1.276383744226678189e-03
-4.663706037228555409e-03
-2.564992102307718600e-03
8.662182053627018666e-03
-4.641717727817204139e-03
3.663770166719193359e-03
2.444909603140282394e-03
-4.648426165412763988e-03
3.639030668455450843e-03
4.134990583634128719e-03
-4.659369407591195181e-03
2.165593716574260377e-03
4.982393178023921884e-03
-4.660335908279631886e-03
2.038762129776803839e-03
6.923037065970073095e-03
-4.658134006289651498e-03
6.889357037542816328e-04
5.829940885214849808e-03
-4.662399850750620356e-03
6.634636821069277851e-04
4.185242676142676178e-03
-4.663790743804023704e-03
-7.566260482785725893e-04
4.989546189569264885e-03
-4.666709696128030008e-03
-7.811590654595595594e-04
6.680584971601113628e-03
-4.657273914974670651e-03
-7.917233854652279152e-04
3.354065726902976437e-03
-4.663178400623191333e-03
-2.199769351262368874e-03
4.377462765340811059e-03
-4.653486920172058422e-03
2.019807885518324665e-03
3.029819510016721132e-03
-4.649151492968717735e-03
-8.029637526933048903e-04
1.611673352311175991e-03
-4.674402982667180510e-03
-7.974461481400539837e-04
8.362340507834483891e-03
-4.666108596870919417e-03
2.572749837571324839e-03
8.618455741485840302e-03
-4.659400860382944751e-03
3.703582349661309857e-03
7.515652483193132477e-03
-4.641569163871248939e-03
2.568214792242200315e-03
1.303369348418194438e-03
-4.656067572879602975e-03
-3.697005043859397620e-03
7.561386124431317482e-03
-4.651472114769798945e-03
-3.746655186641202704e-03
2.355023399461731847e-03
-4.667689847401098116e-03
-1.874894772672775151e-03
5.823215402798178134e-03
-4.661375491777592327e-03
-3.709385244435980077e-03
4.027363814344499769e-03
-4.661489885063084017e-03
-2.202905445209291102e-03
2.779628089314924947e-03
-4.668221455488226306e-03
-2.213026372239227171e-03
7.151352360934223190e-03
-4.656517728858896622e-03
4.188108417284778086e-04
2.719127624927078404e-03
-4.666839360338542742e-03
5.194142857068432184e-04
7.234092824674671560e-03
-4.657480172337575067e-03
3.852225541154231155e-03
8.831477343125905197e-03
-4.650967606120387163e-03
-3.845377050110286229e-03
8.835560387629377496e-03
-4.634579685226818645e-03
3.856828737538069759e-03
1.134644406179562831e-03
-4.640399502196433656e-03
-3.851430377164262366e-03
1.130411943608940553e-03
5.027236499850012107e-03
9.988178808989234009e-04
8.510693022176118311e-03
5.034828885609690489e-03
9.842709612768881476e-04
1.479865876775434720e-03
5.038719876828817550e-03
-3.507575093643082193e-03
5.817154431008143833e-03
5.025768618005710744e-03
3.579251011529827747e-03
5.827632163260953492e-03
5.036220637936687956e-03
-3.499964445760184346e-03
2.615592305416461136e-03
5.035292744658438450e-03
-2.530111313004352724e-03
8.629007181687908812e-03
5.036528793547219440e-03
3.606051604352372274e-03
2.498229441489865314e-03
5.030445508550070687e-03
3.576608423356863239e-03
4.162777107018845492e-03
5.039140193339951800e-03
2.122639822683504603e-03
4.999267215388449211e-03
5.043065392058989661e-03
2.001197406370161611e-03
6.908448254977011052e-03
5.044377546452767647e-03
6.749857265765254154e-04
5.837580455453622065e-03
5.035091778897191755e-03
6.436514056996907145e-04
4.213105144627480106e-03
5.039960365582330480e-03
-7.537381805094834448e-04
5.006601087564003204e-03
5.043429301549160089e-03
-7.877915551752190902e-04
3.393831523412010279e-03
5.028794503533241637e-03
-7.726438949088953014e-04
6.670948100014792784e-03
5.042649405809021546e-03
-2.285092763533861857e-03
4.196545993502942551e-03
5.048866056463851767e-03
1.977991039437094339e-03
3.077232752766222244e-03
5.036063538506224332e-03
-7.907429514409078158e-04
8.333713160085959651e-03
5.040888318117055580e-03
2.528177589351841142e-03
8.587465263885981498e-03
5.039414320043600001e-03
-7.809657819493598645e-04
1.677134358043041009e-03
5.041159718649783697e-03
3.647708807950109100e-03
7.492841053339581101e-03
5.039062156204906183e-03
2.520693304250153782e-03
1.373281092248391285e-03
5.031660465894417095e-03
-3.648497864494621400e-03
7.537649599774975777e-03
5.028236537641298833e-03
-2.447119342398901536e-03
1.379184003346760464e-03
5.040202186667949030e-03
-1.876115105274425493e-03
5.787471217353025096e-03
5.030417004864780155e-03
-3.870348866871504718e-03
4.197299393633410411e-03
5.026216401818782258e-03
-1.958756757688655606e-03
2.652735977350376226e-03
5.034303865021540030e-03
-2.188997297405372716e-03
7.126910000741106151e-03
5.032541837664740274e-03
4.053181282357019486e-04
2.769207508747650870e-03
5.035650115999650012e-03
5.077280201655048333e-04
7.215797807221172207e-03
5.025032646668350401e-03
3.789488586037433136e-03
8.791163285246244435e-03
5.025681200887887647e-03
-3.792249773887920901e-03
8.793210617132448531e-03
5.028305234388973782e-03
-3.793176731774777592e-03
1.204444105769528379e-03
5.026395885861740208e-03
3.789253648423460998e-03
1.205264744402957623e-03
3.619065236264853037e-03
-5.051461983477415103e-03
5.826457989134422102e-03
-3.200184496588543738e-03
-5.085671053887215812e-03
5.817088641196476763e-03
1.121371826406391149e-03
-5.076840273956250045e-03
1.439574320633209758e-03
1.126894970688396445e-03
-5.072511609671385459e-03
8.547050213705694247e-03
-2.269792309660117937e-03
-5.084149056300397117e-03
1.282898823760772900e-03
-2.268672914667439235e-03
-5.081349388412549281e-03
8.669025315892213771e-03
3.652191997914756849e-03
-5.049559596324972380e-03
2.491124951741746120e-03
3.621914630715112899e-03
-5.051995541590314359e-03
4.163004034908561815e-03
2.213034140858158912e-03
-5.071244638267627912e-03
4.998443834988122031e-03
2.090690934096765298e-03
-5.069407260756030216e-03
6.926315554674453666e-03
8.119414242825446961e-04
-5.075004152494753951e-03
5.845721797891224349e-03
7.876720137340420102e-04
-5.074000236074504080e-03
4.202688919669275193e-03
-5.554208313728190493e-04
-5.079270536606205963e-03
5.005057930631507876e-03
-5.842539691131400700e-04
-5.075129112607168654e-03
6.692224777983424300e-03
-5.857837584420030885e-04
-5.080740288529546865e-03
3.366427920452900926e-03
-1.917522881334298790e-03
-5.081462701900180470e-03
4.385550364601501112e-03
-5.893388121419436626e-04
-5.076923841524977853e-03
1.629248198580722420e-03
2.079890141273324673e-03
-5.076071711976714272e-03
3.056167222603523546e-03
-5.963053951544400842e-04
-5.074571765290571308e-03
8.368834135499988308e-03
2.608430214987219123e-03
-5.062078709883534137e-03
8.613538471980031891e-03
3.686574950162443270e-03
-5.044079874694265726e-03
7.499177229098285581e-03
-3.339036098146121092e-03
-5.090594555213884785e-03
7.565181152290848150e-03
2.607646551013310856e-03
-5.069765350010647584e-03
1.342990598840641423e-03
-3.385060714281103948e-03
-5.083408986695864967e-03
2.359095642309939032e-03
-1.616245150397428330e-03
-5.079055026516066974e-03
5.833166138574404427e-03
-3.352905133455558878e-03
-5.081491038799996682e-03
4.031438809223427885e-03
-1.921222373340415214e-03
-5.080595014310284978e-03
2.787464071947731974e-03
-1.937171589322646357e-03
-5.078088479127918463e-03
7.157578007651442357e-03
6.504979177728530387e-04
-5.070425883193898156e-03
7.243284463414373722e-03
5.650056892763757107e-04
-5.076286776627338994e-03
2.741275452541265360e-03
3.829304634908646879e-03
-5.044103449473267067e-03
8.804814532529492074e-03
3.837247059334220490e-03
-5.044106608665858624e-03
1.191869022343203808e-03
-3.477316950113166789e-03
-5.090311026169148587e-03
8.841562172846808773e-03
-3.471417124176026745e-03
-5.086315797731656881e-03
1.132302123511754605e-03
3.629081473564753964e-03
5.055542548884055937e-03
5.826710410552192639e-03
-3.192445107808834694e-03
5.096788580942020717e-03
5.820575244792898333e-03
1.129117141772568306e-03
5.079900305199619090e-03
1.439764583626212523e-03
1.135660368429252309e-03
5.074433054711212712e-03
8.552167654768195668e-03
-2.266718717612539735e-03
5.099445236908170358e-03
1.283965628585933497e-03
-2.264176412946304878e-03
5.090606511851067731e-03
8.668535078266073959e-03
3.651889850675139014e-03
5.056800744583204305e-03
2.489049044768331526e-03
3.627004525177334425e-03
5.052675276054915433e-03
4.157263378805048544e-03
2.216994421965498910e-03
5.073921418012490407e-03
5.000705681877837434e-03
2.101656521072446833e-03
5.070679548752029739e-03
6.929524684572967164e-03
8.184148931178194478e-04
5.089340244427763109e-03
5.847153454281217577e-03
7.986462287856939185e-04
5.083128303230294298e-03
4.203620953384406937e-03
-5.459193959311031859e-04
5.090225605652588282e-03
5.005930873035795148e-03
-5.722814489986856757e-04
5.089110187637042176e-03
6.694478828015682295e-03
-5.784757345708853001e-04
5.087876430233098136e-03
3.369586514518797295e-03
-1.911879285720559417e-03
5.092941794691721417e-03
4.388003947704049480e-03
-5.826780340562061995e-04
5.087386901998657354e-03
1.628234845067202301e-03
2.088433365512692812e-03
5.079937208983023242e-03
3.052800189305279396e-03
-5.904064798379596475e-04
5.084605378474854609e-03
8.372639916667576343e-03
2.617721987816474822e-03
5.067576270817443843e-03
8.619515753851223969e-03
3.692902163828288686e-03
5.054751811631731130e-03
7.508830478998346387e-03
-3.333710498183370136e-03
5.093053218512551966e-03
7.564719581167288036e-03
2.609380453699571088e-03
5.076431176977899522e-03
1.339022232669738986e-03
-3.370981124013915347e-03
5.099400142126583532e-03
2.360308800948422367e-03
-1.605811149529223162e-03
5.092324418541463275e-03
5.834516869580782042e-03
-3.341012320275166605e-03
5.099876093467466120e-03
4.031840214276566185e-03
-1.909447226861236925e-03
5.097832406376714455e-03
2.786893853494378393e-03
-1.927529502012642485e-03
5.092720694564441784e-03
7.158165405637342479e-03
6.596163700356806126e-04
5.082557049396309659e-03
7.246541989951133661e-03
5.695174453924816468e-04
5.082022388793449967e-03
2.740023115690601915e-03
3.839426857105594348e-03
5.046753118142874132e-03
8.814587387072581048e-03
3.833809508147313812e-03
5.045843789995039380e-03
1.194762616371188501e-03
-3.480342493391391963e-03
5.094461991125827892e-03
8.837562663440436464e-03
-3.467319522767107337e-03
5.100328011129276647e-03
1.130515937149876486e-03
9.533293481408270861e-04
3.383880638953205150e-03
-8.121635585045799011e-05
9.316824176998902756e-04
-3.465598283731653913e-03
-8.022709655459890025e-05
-3.259421010679905504e-03
8.371245070232493030e-04
-1.034015126418098021e-04
3.574150001567793968e-03
8.292991095788850584e-04
-4.776050766400016963e-05
-3.285787166980178465e-03
-2.473820513030567953e-03
-1.028439343051029610e-04
3.552812849075598703e-03
-2.394848171648290835e-03
-5.488687263500503685e-05
-2.273116556977475364e-03
3.642541655039785876e-03
-9.770500398739893964e-05
-3.263494663422284586e-03
-8.378967927799318462e-04
-1.023485052640867444e-04
-1.865755593430126844e-03
9.165475115689389105e-07
-9.399369097093123501e-05
-1.728702518891790359e-03
1.951123891076622999e-03
-9.480626038906369093e-05
-4.704099280374036268e-04
8.502021692932101903e-04
-8.852433157520547867e-05
-4.646983594323024318e-04
-8.429425339218748732e-04
-9.030921011006541946e-05
8.992780461036024809e-04
5.019048898840460673e-06
-8.835113383272996798e-05
9.264301132383095765e-04
1.697393945342869038e-03
-8.501943160076659426e-05
8.978377380313198311e-04
-1.658373278423036458e-03
-8.545414835562751838e-05
2.354039307152220369e-03
-8.243443939783557653e-04
-8.104179056501285296e-05
-4.948747840103349168e-04
-2.498832851705689792e-03
-8.693569666730992089e-05
3.662406848541328776e-03
2.574770821784419690e-03
-5.590596981939037084e-05
-7.647556767273111164e-04
3.571896909097729573e-03
-8.961046754952876057e-05
-1.871628072680390316e-03
-1.672079086362615119e-03
-9.479431931118296420e-05
-2.028158029135330390e-03
-3.513140412044336251e-03
-9.639787890576636826e-05
2.602154657805030250e-03
3.692130178271446281e-03
-7.137184328230164541e-05
2.585724283635286447e-03
-3.675592008357816704e-03
-7.006159692543867661e-05
-3.309718857251197233e-03
2.542518029580008703e-03
-1.021965439416682597e-04
1.984431682196205384e-03
7.976032339769681444e-04
-7.787197520661440979e-05
3.904597665877417544e-03
-8.074125054109226136e-04
-4.746003726425228125e-05
2.063286668674748931e-03
-2.405718908853664469e-03
-7.493965616629687037e-05
2.281561167728895102e-03
2.164104217473684921e-03
-7.499774277128406824e-05
-5.909746816044740038e-04
-3.935711022658349746e-03
-8.809667841956888624e-05
-2.828047286035596450e-04
2.263602195790653630e-03
-8.860660631287594865e-05
3.832767603412516513e-03
3.812111144516839006e-03
-4.587455569418888744e-05
-3.459588442801043214e-03
-3.841712319493746728e-03
-1.003787342399768494e-04
-3.452550372149396345e-03
3.857020772018525129e-03
-1.013711636401080988e-04
3.834855254131443614e-03
-3.810002978889701335e-03
-4.862154961453899420e-05
-3.288575369128356532e-03
8.396256464031624268e-04
1.007778879666932671e-02
9.414723507246359124e-04
3.374470741769376031e-03
1.007597881978418777e-02
9.144638513624522326e-04
-3.455056174488044859e-03
1.006894994243280432e-02
3.576373518507776524e-03
8.297734774203188940e-04
1.005453746721659929e-02
-3.309148590499316582e-03
-2.474183017211892092e-03
1.007878738949551101e-02
3.552130699863641997e-03
-2.396716610511053294e-03
1.005653841571399823e-02
-2.301582010391695250e-03
3.636180126713400330e-03
1.007847620635413805e-02
-3.289202898139184737e-03
-8.326915174081424677e-04
1.007878647515294407e-02
-1.889203039543212127e-03
3.882162688865388190e-06
1.007806930042752167e-02
-1.753379331250035219e-03
1.950039984166620360e-03
1.007999097155299652e-02
-4.877277860754869031e-04
8.481944632122540668e-04
1.007329723834265132e-02
-4.918358546353771531e-04
-8.440819079160262126e-04
1.007089439055041009e-02
8.838196080361035521e-04
1.469712969231547911e-06
1.007011800440208403e-02
9.135009562036849494e-04
1.691371694672348398e-03
1.007371252132319324e-02
8.870854291544245842e-04
-1.655045545806159554e-03
1.007045135807668051e-02
2.356836768052282972e-03
-8.197932897737650717e-04
1.007405188310325252e-02
-5.205357067554046641e-04
-2.489776643426082348e-03
1.007178759473276349e-02
3.663684345643503353e-03
2.574907712276219320e-03
1.005423652637167480e-02
-7.840183546303318689e-04
3.563719272515576859e-03
1.008377673595211958e-02
-1.901416375844391373e-03
-1.668783538401631293e-03
1.007967510182008336e-02
-2.044332852666791607e-03
-3.510845402446798828e-03
1.007768657408032731e-02
2.595241759987672054e-03
3.683479085535258483e-03
1.006898942055513453e-02
2.575918685166426157e-03
-3.669194006254180521e-03
1.006454148226253349e-02
-3.348461168597137612e-03
2.538811786373447454e-03
1.007512151324733984e-02
1.977686492739276231e-03
7.936396850180050568e-04
1.006910483104283584e-02
3.906585021052648085e-03
-8.172315287406806562e-04
1.004953907210906668e-02
2.059594438924031764e-03
-2.402244717004109725e-03
1.006945120372304721e-02
2.276555909172457790e-03
2.156477681543174721e-03
1.007047221027258799e-02
-6.058277625896232562e-04
-3.932059261854650711e-03
1.007697999202197131e-02
-3.006493324488017241e-04
2.256512468376676000e-03
1.007653864590018176e-02
3.837105205844114266e-03
3.811307310350894612e-03
1.004804784148259633e-02
-3.481317782420421687e-03
-3.842133636973981119e-03
1.008272237915707435e-02
-3.486527505232731635e-03
3.851211141793880674e-03
1.007604944265195687e-02
3.829881825959847216e-03
-3.808196870145792029e-03
1.004563038245331538e-02
-3.215287249292089408e-03
-3.964627086800340434e-03
4.822410950538910668e-03
1.589913790235030497e-04
3.741418415407306244e-06
4.999378777403675790e-03
-1.555540655373615190e-03
-1.792039182005146026e-03
6.120403854858303024e-03
-2.252558914073675683e-03
-2.545626473623339818e-03
2.457500672198236358e-03
1.954951840924788915e-03
-1.833471852488979727e-03
3.115156854345752565e-03
1.947966619777219324e-03
-1.835452068114825849e-03
6.887096969940935398e-03
1.295072970547923906e-03
2.069898673531559222e-03
2.991451181392100998e-03
-1.361331470397998894e-03
2.105308239451333073e-03
6.606282340133595547e-03
1.699484581543374674e-03
1.580001369415208858e-03
7.100052602120227735e-03
-1.791584480655021355e-03
1.198369701497599069e-03
2.950013683108902371e-03
2.664117669051456298e-03
1.909135018623312537e-04
5.031878432162068329e-03
-1.517517950492433640e-04
-2.663060490033605787e-03
4.176018892965748311e-03
-2.097644637115582378e-06
-3.707183355216533993e-04
7.569588578118019093e-03
-1.805270142083794424e-04
-7.048771555243480867e-04
2.480066431464181612e-03
2.727121818304691688e-03
2.932276327083534998e-04
2.202352210322376137e-03
-2.358201359757783767e-03
4.865777852623626761e-05
7.605015463883803457e-03
-2.508153148037082104e-03
1.777558984120349060e-04
5.051319917798959523e-03
-4.687638303908926013e-05
-2.791449202941931156e-03
7.676750624012482725e-03
3.199045711341036392e-04
2.820748450760495862e-03
5.076688351387561617e-03
2.668656461773464671e-03
2.653889018594239851e-03
5.124074450020359682e-03
-2.592178828187730738e-03
-2.895507158706717328e-03
7.877628133135770871e-03
-2.681806493898796981e-03
-2.562631268277883526e-03
4.536297764196947808e-03
4.207613706957323216e-04
-2.953122822730088349e-03
2.036201692773657087e-03
1.785461303423383980e-04
2.971155813469437273e-03
7.970078544050112485e-03
3.038188739500374391e-03
-1.975456955547209067e-03
4.998003077988459435e-03
-2.660835969640564305e-03
3.026294107891923379e-03
2.011410484685936719e-03
3.018852382615920971e-03
2.972091676480991505e-03
2.033929574013271235e-03
-2.480975776329155755e-03
2.772571443478828897e-03
4.618672427018390148e-03
2.998555215610603127e-03
-9.176761979880627669e-05
7.856981762116483498e-03
-5.369349295584518924e-04
2.813840112394045204e-03
2.085556726510773545e-03
3.053102184982802760e-03
3.014997130287265948e-03
7.964889833422045956e-03
-2.705491355632775805e-03
3.041712632468765096e-03
8.003106578920008568e-03
3.128125207034367777e-03
-3.075779902561449463e-03
8.070143883483689093e-03
-2.649824411417975485e-03
-4.878793817762916603e-04
1.936114358283963326e-03
1.417621178236236302e-03
-3.145180447908985100e-03
5.361886676667693835e-03
3.130220331358889076e-03
-3.082577520565950996e-03
1.910476595207380055e-03
-1.407051942542753139e-03
-1.125459977350492299e-03
4.000622721654620295e-03
1.311413069519338408e-03
-1.910325302732387203e-05
3.449368285991606230e-03
3.768616484974990637e-04
9.863577813901329254e-04
1.659885286012761701e-03
3.039213266907954750e-04
-1.694972237861800887e-03
5.959868241620295930e-03
-9.609998639538517434e-04
1.140949156510269848e-03
8.231821719461854953e-03
1.410233682429117442e-03
-8.634439301032746520e-04
1.568659510366896123e-03
3.290091073481566947e-03
1.470691694159604246e-03
3.678388786521812406e-03
-1.100533268841209821e-03
1.445608819935984913e-03
4.768283809632496359e-03
-1.387975504579450764e-03
-1.476210798160808649e-03
8.224587813026207339e-03
-6.268695507192053240e-04
-3.387793367768946861e-03
5.847361185278764258e-03
3.372227371755365417e-03
1.370589038540277922e-03
6.337562504862720783e-03
1.376986779004132216e-03
-1.258189757757846160e-04
6.381103867219948579e-03
-2.357279896799922402e-03
-3.430869267127482046e-03
6.129888306382017850e-03
-1.128044147816101295e-03
2.769636689391217306e-04
6.268190065032219066e-03
3.279078142157738646e-03
-7.371781571570609195e-04
3.599479121454619845e-03
1.323056297154537927e-03
3.395186751256122539e-03
6.552895700569572393e-03
1.328048836851024317e-03
1.344925660546674286e-03
4.687211094566033978e-03
-3.075559393902062722e-03
1.320727544402607902e-03
6.431915044209784993e-03
2.550693920810460143e-03
-3.443806393486167038e-03
3.908691711323685446e-03
-3.255397264435610713e-03
-3.497500252248588511e-03
3.308255984530328320e-03
-9.423624039982404343e-04
3.312081346414847468e-03
3.845185600556669595e-03
-3.082329198356629704e-03
-1.446726253148360088e-03
6.896785428979524540e-03
1.505510257363538518e-03
-2.652962843873542687e-03
8.401710990762069342e-03
8.877743351007223727e-04
8.461353643680707927e-04
8.495982710166730123e-03
1.361611368241781887e-03
-8.723985567077894914e-04
8.540957207500194173e-03
3.338189750042289648e-03
-1.297747333049766938e-03
1.599469818959429633e-03
2.979211173982473232e-03
-3.364082210271925315e-03
6.237684869964680440e-03
1.485547934457192871e-03
-1.255156480486219282e-03
4.738301283393924965e-03
2.330497523691357265e-04
1.378050444112646203e-03
6.170524203869597567e-03
-2.392182615483912610e-03
3.529278544310241253e-03
6.277177449679077932e-03
-3.070142221991610087e-03
-9.848723359542777694e-04
3.863564622704800805e-03
-5.879797987342974417e-05
1.052930566614320882e-03
3.399603335158943741e-03
