-5.017176374534339234e-03
-5.018002969144563785e-03
1.002768041978172563e-02
-5.101497319095847811e-03
-5.091720768613273822e-03
3.578318232365784311e-04
-5.019670330563628935e-03
5.019128082412928349e-03
1.002696869330613194e-02
-5.097081643572426088e-03
5.092894275410523100e-03
3.629521382273969668e-04
5.018299183920585729e-03
-5.018318333747150486e-03
1.002949960998701651e-02
5.083994386361556997e-03
-5.093067775994544397e-03
3.485748578880345778e-04
5.016536051542395611e-03
5.017394770755947454e-03
1.002533509465447503e-02
5.084356197992617905e-03
5.095471607537315449e-03
3.528536568601867715e-04
-5.095212539655829577e-03
-5.088828124699810475e-03
1.970359523464137140e-03
-5.090849860302327362e-03
-5.086187330931247509e-03
3.573891214384933464e-03
-5.081992882609297733e-03
-5.083702105379738628e-03
5.183064407898558927e-03
-5.074983791173861593e-03
-5.079475063519450946e-03
6.802685890379756191e-03
-5.056293268920326010e-03
-5.061334786269487684e-03
8.421318704083304366e-03
-5.020400473108317663e-03
-3.341283701400310675e-03
1.002996224754984164e-02
-5.026514694853206379e-03
-1.673187719235147159e-03
1.003491305770730542e-02
-5.027245733296530766e-03
1.394009079897999682e-06
1.003660545741760605e-02
-5.029615243012626816e-03
1.667806954559781672e-03
1.004274641994707361e-02
-5.022440424242169583e-03
3.341854718316483990e-03
1.003562612770144205e-02
-5.097222397105321059e-03
5.089543259670660166e-03
1.964037387087142362e-03
-5.092037278073074762e-03
5.085454330875495074e-03
3.571698262323325275e-03
-5.087146027668739551e-03
5.078095943909200286e-03
5.182150564649130355e-03
-5.076714406404972575e-03
5.068736152038170149e-03
6.800413850716865820e-03
-5.057345522788714645e-03
5.052620264491144986e-03
8.413131550791978774e-03
-5.094507392834148746e-03
-3.395836333028627411e-03
3.487100521034786093e-04
-5.091262754499211417e-03
-1.701579699894434448e-03
3.408859075003054526e-04
-5.087515351638412751e-03
-5.487572142586289674e-06
3.367357207432622262e-04
-5.113724235181865349e-03
1.697256946069716343e-03
3.708574540278701949e-04
-5.102352419078134277e-03
3.393944688967306684e-03
3.606324493729678180e-04
5.082893904326228271e-03
-5.090747112035586171e-03
1.961232722937858268e-03
5.085282539290847219e-03
-5.087098626438544234e-03
3.567188022982526255e-03
5.080334843395208425e-03
-5.082153347538553335e-03
5.178967273085924132e-03
5.066890074733093954e-03
-5.071818196156503006e-03
6.799934933831571632e-03
5.051642613919756462e-03
-5.058609347306636944e-03
8.420676687560139234e-03
5.021071610099892696e-03
-3.341731510052981316e-03
1.003203808967319602e-02
5.027541260516043588e-03
-1.669380723237256798e-03
1.003359502948792878e-02
5.025973429493719655e-03
-2.386507219968848961e-06
1.003300084929919719e-02
5.025448619529043585e-03
1.669683111339446274e-03
1.003823267864192501e-02
5.024001528815738755e-03
3.342764438293447781e-03
1.003341093823907626e-02
5.086480011164011550e-03
5.090052606387751068e-03
1.964294533530670274e-03
5.085592202121266663e-03
5.086648043793886090e-03
3.568321012984647812e-03
5.078876799837594123e-03
5.080492560985066380e-03
5.182523321928107947e-03
5.068650853389353172e-03
5.068898468730669363e-03
6.797824653563799488e-03
5.048818383933614123e-03
5.053517577234659802e-03
8.407629847975316498e-03
5.084689177877987389e-03
-3.393638093383298526e-03
3.415533973407722918e-04
5.088832104650521486e-03
-1.702366268307042244e-03
3.476734117233649317e-04
5.093884885482584737e-03
-3.822398145980203861e-06
3.503566670085980035e-04
5.095780317456934279e-03
1.699031139854433525e-03
3.560152671323530750e-04
5.097160783853914821e-03
3.395866186290346853e-03
3.626109392624449743e-04
-3.402371764551822414e-03
-5.106101193231567942e-03
3.670100035932886691e-04
-1.701706440680325009e-03
-5.103210984920148428e-03
3.634455721280897508e-04
-5.202010687721305977e-06
-5.095918531932941767e-03
3.486257350132840457e-04
1.693563001688198118e-03
-5.101316190408992229e-03
3.562463387171580583e-04
3.391775045570088586e-03
-5.102988631091501248e-03
3.574766236614007522e-04
-3.338880309770795186e-03
-5.020087882562808759e-03
1.003467809349769743e-02
-1.670735774846423367e-03
-5.028528756951933416e-03
1.003532359662032136e-02
-1.684455197527673923e-06
-5.026982586738705516e-03
1.003404310418841427e-02
1.667011454596522462e-03
-5.024883576237579308e-03
1.003585725820017004e-02
3.340227197395775807e-03
-5.021011233655014311e-03
1.003316622223038648e-02
-3.399147063205287724e-03
5.099977296727235994e-03
3.652309139499535038e-04
-1.703964882376431990e-03
5.088773357767089819e-03
3.515427002361809321e-04
-6.435878263843704215e-06
5.089733234837857424e-03
3.471057640755125006e-04
1.696503758562950114e-03
5.096128522382554864e-03
3.555990129206985906e-04
3.389281928102297770e-03
5.090964359310379966e-03
3.508612381042232418e-04
-3.339436029183509222e-03
5.022852150960885678e-03
1.003176211421147324e-02
-1.670698998511867131e-03
5.026942957627303366e-03
1.003307310806362575e-02
-7.485519806358156455e-07
5.028800066261536993e-03
1.004240108225141516e-02
1.670257848501509150e-03
5.026226408151355553e-03
1.003832821187329929e-02
3.341196888969472957e-03
5.024454885992121929e-03
1.003307609092038595e-02
-5.080285938899911299e-03
-3.551823519757277541e-03
5.971411685004791858e-03
-5.056083821721830615e-03
1.000950960216477094e-03
8.567746463169172502e-03
-5.096260639721904816e-03
9.912736295362896150e-04
1.788814197375211126e-03
-5.080981969764961081e-03
3.617873383079368323e-03
5.968746682835058062e-03
-5.097088310833225965e-03
-2.588462322372575824e-03
1.657260561713420162e-03
-5.051584422830658096e-03
-2.544660294809709868e-03
8.667916967105865345e-03
-5.092759264453152607e-03
3.651239521403597515e-03
2.771844066279022939e-03
-5.087771285114069987e-03
3.620126680204698109e-03
4.368711642853738940e-03
-5.086561594284393258e-03
2.149793592125389622e-03
5.171871816276990205e-03
-5.075526407055252695e-03
2.017998391595862088e-03
7.017866602833221917e-03
-5.085321947737575336e-03
6.784619298572921791e-04
5.978034405309729481e-03
-5.087948521269610065e-03
6.504012203312607189e-04
4.414630972687159233e-03
-5.088280979690034539e-03
-7.637046096122965472e-04
5.183045161555478036e-03
-5.080035622347451457e-03
-7.861073376854429496e-04
6.788577154509561895e-03
-5.091439473817567334e-03
-8.019805316368296003e-04
3.631537149565645245e-03
-5.084314965260425777e-03
-2.203221877319185180e-03
4.604560967050371802e-03
-5.089687432074874868e-03
2.002902624950775572e-03
3.321448510457020251e-03
-5.095718273671243602e-03
-8.130275740879250052e-04
1.976060916821968574e-03
-5.054700065479823465e-03
-7.964538090556008611e-04
8.386807270138921244e-03
-5.055268635102054195e-03
2.540967672833971576e-03
8.640926494805365246e-03
-5.066380084708213202e-03
3.672963488195021744e-03
7.584711045437978090e-03
-5.096257973963231984e-03
2.558735830925637240e-03
1.692707142076563948e-03
-5.069373042715734010e-03
-3.681539021150401474e-03
7.624701946230693847e-03
-5.093545486319496496e-03
-3.751205237652413885e-03
2.686104265297518251e-03
-5.078840153525894519e-03
-1.876817162748529522e-03
5.974939293981389871e-03
-5.083310537009303083e-03
-3.710876809009674027e-03
4.273370183364145342e-03
-5.090100467713147038e-03
-2.204889227898974239e-03
3.081155584116060560e-03
-5.075767885560690008e-03
-2.206476572939730998e-03
7.231555457728895339e-03
-5.088468950306413927e-03
4.040488063787116388e-04
3.026093824056810301e-03
-5.071965277760433037e-03
5.105249705669384977e-04
7.313093819564823669e-03
-5.049949755311393916e-03
3.808568705991770709e-03
8.841778291472897691e-03
-5.041856971130076470e-03
-3.812317332257650609e-03
8.832377684975967203e-03
-5.096792046910427094e-03
3.846879169588245887e-03
1.532897150016045889e-03
-5.097653590250966760e-03
-3.857636951721602793e-03
1.523207751634313763e-03
5.047463575238535054e-03
1.000444937850662437e-03
8.558207829131319125e-03
5.083975261673969945e-03
9.937800773472088133e-04
1.780926559561287230e-03
5.074200879814009038e-03
-3.547918228323251530e-03
5.962661646961333640e-03
5.074664922057065680e-03
3.616340331102538188e-03
5.965261363631158519e-03
5.087781046538678714e-03
-3.550338379941310289e-03
2.875412895162284075e-03
5.049987409923253900e-03
-2.542034785177716121e-03
8.672133546032915336e-03
5.084634265374894137e-03
3.653227155132895889e-03
2.769526381710238523e-03
5.083678725127843516e-03
3.622753807333630328e-03
4.369880515927732426e-03
5.083380220980860537e-03
2.146763744190718047e-03
5.166736259553546089e-03
5.073085233065555318e-03
2.019206780768536581e-03
7.014215504858218458e-03
5.080577501483600489e-03
6.761245501514368374e-04
5.973398598145124132e-03
5.086797337396120264e-03
6.509997203626347560e-04
4.406851854842123127e-03
5.081407135535226730e-03
-7.634064147677168104e-04
5.172827610479909313e-03
5.086704404639218018e-03
-8.021799907917254429e-04
3.621313292695518132e-03
5.069788965410089963e-03
-7.874617590037198342e-04
6.782343840483259952e-03
5.085143147203474538e-03
-2.319437455246813051e-03
4.393402609005528543e-03
5.083084457881988268e-03
2.008069245581760569e-03
3.313132196980402358e-03
5.052859929632743004e-03
-7.950465655650514876e-04
8.383645015419129848e-03
5.049348878804891215e-03
2.541237716451637610e-03
8.638264526241326222e-03
5.085745019987437943e-03
-7.946954300548190065e-04
1.976287541643763444e-03
5.061534715624618937e-03
3.672828480493762777e-03
7.579125994209179318e-03
5.086171014891731519e-03
2.561128467497311018e-03
1.687390075763443680e-03
5.061883646241538241e-03
-3.678660546043137618e-03
7.627011046667109793e-03
5.090275251673973336e-03
-2.491903780620619100e-03
1.693810794283734291e-03
5.076172187504111519e-03
-1.898940492990489363e-03
5.926369105322708795e-03
5.081688856066108630e-03
-3.917114132417191981e-03
4.394631739856750922e-03
5.086257758861249291e-03
-1.992585830337197713e-03
2.910701711547753791e-03
5.068933337248069174e-03
-2.211059147062577855e-03
7.222062731521435019e-03
5.086781171273277100e-03
4.124020470206995895e-04
3.019634822663473574e-03
5.067947132557632135e-03
5.073828993136740009e-04
7.306954732031234294e-03
5.042175281958847198e-03
3.808553245240403617e-03
8.834507027929405440e-03
5.046506101607911403e-03
-3.810329793901254085e-03
8.838609639887824027e-03
5.085142163491184961e-03
-3.851042845652952445e-03
1.522603838363779634e-03
5.085067847725006050e-03
3.850712929721384140e-03
1.527929078092694123e-03
3.618583307092288533e-03
-5.077045784171394134e-03
5.965169340822785125e-03
-3.549350919313477501e-03
-5.083048394817451035e-03
5.969778094529119145e-03
9.914704297150516744e-04
-5.094476689557883575e-03
1.787163039056499821e-03
9.938772494614395679e-04
-5.056589215250356824e-03
8.562051289984889610e-03
-2.593500504136997224e-03
-5.090896238727063428e-03
1.658853856040689353e-03
-2.539028958127628483e-03
-5.055561202315881145e-03
8.674377074530559284e-03
3.647439341949425089e-03
-5.088893871637598619e-03
2.773683063945168049e-03
3.620992870771332604e-03
-5.084755427610383564e-03
4.370171224309269027e-03
2.148958902105357720e-03
-5.085462163461852356e-03
5.167762461667846537e-03
2.019777112184211083e-03
-5.073362239924863494e-03
7.013175310092003255e-03
6.811868107002671917e-04
-5.082098333344527499e-03
5.973955167490760387e-03
6.497673064752901208e-04
-5.084459546445508141e-03
4.410791660767043355e-03
-7.622761457956966870e-04
-5.081019515146212133e-03
5.180163145991807834e-03
-7.845317426845247605e-04
-5.078575656558031136e-03
6.784655889727628925e-03
-8.028468114175729611e-04
-5.088957354094455869e-03
3.626539383992155152e-03
-2.203673826450257799e-03
-5.086794306494731889e-03
4.599304806073182400e-03
-8.143328312262139131e-04
-5.090216973571875733e-03
1.973392691784112661e-03
2.002013784822053236e-03
-5.087174957417860133e-03
3.317432091423235235e-03
-7.992473193136570044e-04
-5.053867658712132664e-03
8.387603503773120861e-03
2.540104711136366000e-03
-5.054550155645978413e-03
8.638324704204015589e-03
3.672727521357433550e-03
-5.063838771770213902e-03
7.582261629391176191e-03
-3.677455423678653405e-03
-5.072372430159848185e-03
7.628100601067723009e-03
2.560045642243914243e-03
-5.091274221870767218e-03
1.683844633924591085e-03
-3.756898368472510585e-03
-5.088149971697468292e-03
2.687517434458986960e-03
-1.875794369893153289e-03
-5.082814845343925671e-03
5.972386733011037820e-03
-3.710678910141484554e-03
-5.084042752757960554e-03
4.269764965511691109e-03
-2.206882098813897457e-03
-5.087758465084837346e-03
3.078997349497526390e-03
-2.206803365965554972e-03
-5.079692243939094853e-03
7.232143759032410614e-03
5.082651511288355066e-04
-5.076675555098208829e-03
7.308317692870171765e-03
4.035436645500567162e-04
-5.088350583850680640e-03
3.020969085855420080e-03
3.806417223792013006e-03
-5.049234309428740977e-03
8.838707257799418432e-03
3.844640077785687476e-03
-5.089549470200081631e-03
1.528494331981766112e-03
-3.805015767439601584e-03
-5.050645219573384088e-03
8.836097161630777561e-03
-3.864537572201947203e-03
-5.092601838618752118e-03
1.522808340118023433e-03
3.615956172020838143e-03
5.072906869938584133e-03
5.967441030432056592e-03
-3.552032854013839787e-03
5.075656860610138280e-03
5.962916305893862720e-03
9.918278199848426426e-04
5.087374736179900436e-03
1.785683365509565254e-03
9.972990800897307394e-04
5.047833294972267799e-03
8.559507859521892081e-03
-2.592339836681650973e-03
5.091375600240520029e-03
1.663039580248165542e-03
-2.542196494110501252e-03
5.054763976913703889e-03
8.669002850181043926e-03
3.650016417008232050e-03
5.089388431092604567e-03
2.770298964309731056e-03
3.622519058731843433e-03
5.084120017702977237e-03
4.368583680007092837e-03
2.149429946174539769e-03
5.083323676867116878e-03
5.165893602091657308e-03
2.017846224171951624e-03
5.070766261391508253e-03
7.013433448175748590e-03
6.787759701222499534e-04
5.082802445459603212e-03
5.969453486567175872e-03
6.487995715317442739e-04
5.082718415989825010e-03
4.411101202448792710e-03
-7.637365331220883529e-04
5.081137473668759057e-03
5.178772731365066488e-03
-7.841675943583380475e-04
5.070292485177129924e-03
6.781317000928088583e-03
-8.044396205764758412e-04
5.083215971223547201e-03
3.628190549312031946e-03
-2.206716851142600470e-03
5.081655493398339572e-03
4.601488689622551705e-03
-8.138954257396516755e-04
5.090767482196098537e-03
1.978860970691118885e-03
2.003354546813339125e-03
5.084552032341116759e-03
3.318804201479852185e-03
-7.947811578612199107e-04
5.054732906399721920e-03
8.381618747389978433e-03
2.538396712935181432e-03
5.047328411038749275e-03
8.637214786584117981e-03
3.672469844353345742e-03
5.061756507220939449e-03
7.579403739326531601e-03
-3.678454656024854070e-03
5.063250043446916246e-03
7.621226197819202033e-03
2.558166495777619218e-03
5.091066978643099712e-03
1.694064547198892217e-03
-3.758860918722537435e-03
5.085889041125291228e-03
2.684760086350024798e-03
-1.875000497987436157e-03
5.078260831289900870e-03
5.968842708117694934e-03
-3.714398628882704424e-03
5.083517954799061933e-03
4.269225004219502108e-03
-2.210817665206423269e-03
5.085327946065562425e-03
3.081343780243127762e-03
-2.207100321229777187e-03
5.071191827178535803e-03
7.224587496091458040e-03
5.080919387015033666e-04
5.068473955397743112e-03
7.305764181400007176e-03
4.044214814021834933e-04
5.084341479522215372e-03
3.021422748258268016e-03
3.803887337379729342e-03
5.038449272089587372e-03
8.836709645902217011e-03
3.845583824220366511e-03
5.089188121286386014e-03
1.531017725514362098e-03
-3.811106458481660492e-03
5.045817051501095239e-03
8.836412220771408185e-03
-3.861954328649539348e-03
5.087837227771436696e-03
1.526156533388099397e-03
8.070995442980682380e-04
3.386978484690582065e-03
3.387090881490061869e-04
7.824996607458576357e-04
-3.478597150483463303e-03
3.471147431409271427e-04
-3.636524655059829216e-03
8.320177282220131811e-04
3.437843270473329277e-04
3.569777480117434631e-03
8.386252188215579479e-04
3.356266751205939794e-04
-3.665487805466923019e-03
-2.483564167559350246e-03
3.521297519998272253e-04
3.549168016658349727e-03
-2.422443569929674453e-03
3.524976048673719112e-04
-2.608173213198335377e-03
3.635471479942504937e-03
3.528070392572147870e-04
-3.635855292277037978e-03
-8.433697247920150970e-04
3.442342419584082901e-04
-2.161966835249694036e-03
-3.719515008468967355e-06
3.366766833255052291e-04
-2.020194755528318190e-03
1.947283339951309247e-03
3.412218831830365288e-04
-6.878781366711903726e-04
8.468323922107202266e-04
3.378683718353823204e-04
-6.903718636798891707e-04
-8.501264592924907436e-04
3.377060314047077277e-04
7.520164480582721160e-04
-5.228053376876934306e-07
3.388343985626789427e-04
7.851803198631666751e-04
1.697876010579563773e-03
3.383886470400401044e-04
7.495943874072063780e-04
-1.666862682881033696e-03
3.407627348165237513e-04
2.299180032719152535e-03
-8.269736818497491326e-04
3.451905819750397675e-04
-7.230513787736818528e-04
-2.508354651190866386e-03
3.377542409052850924e-04
3.670857669295064275e-03
2.602327355835109841e-03
3.466456630157534907e-04
-1.007828584081306000e-03
3.569235162661583884e-03
3.475802881154573302e-04
-2.172639260204080585e-03
-1.681323344958875242e-03
3.388622745772626151e-04
-2.340598670199911351e-03
-3.524077464084708622e-03
3.484241819778184581e-04
2.550178054639147106e-03
3.707288135470469467e-03
3.485426137995672417e-04
2.529942807169383284e-03
-3.695459761479190797e-03
3.468907162508063128e-04
-3.708635900154392054e-03
2.531838953084218549e-03
3.515539167314328983e-04
1.900672245198504248e-03
7.992969862925247693e-04
3.392987081062436472e-04
3.920650119390443195e-03
-8.227145828844165121e-04
3.424163603911721553e-04
1.981807926746665879e-03
-2.418827601086871813e-03
3.453243238328389513e-04
2.214099215837368999e-03
2.173380318353062592e-03
3.374434859317494164e-04
-8.278610071501749232e-04
-3.948073746750834639e-03
3.415223611869861093e-04
-4.929003936276905558e-04
2.259430002299128108e-03
3.400947482066141105e-04
3.847491951246679275e-03
3.852932255126301046e-03
3.444567839170376575e-04
-3.857629338650648762e-03
-3.852626377785155209e-03
3.532103643490695929e-04
-3.856720549852366009e-03
3.850077749669555092e-03
3.510325937473903206e-04
3.847122979634388061e-03
-3.852091461261474524e-03
3.409812977468466757e-04
-3.580549220600641631e-03
8.229292236178720708e-04
1.002677268338988958e-02
7.966791903781775307e-04
3.344217520014672838e-03
1.003224813685975499e-02
7.778360517974650373e-04
-3.427814806206737168e-03
1.003987031404978206e-02
3.526162787118345548e-03
8.249760487859068977e-04
1.003412704390736244e-02
-3.610396629194366838e-03
-2.442801172602003957e-03
1.004077507615570679e-02
3.501895209042125718e-03
-2.378414831585652037e-03
1.004454854426454352e-02
-2.559582524965235261e-03
3.584256526932223189e-03
1.003927888070402230e-02
-3.579243234167900096e-03
-8.329797467422513351e-04
1.003265103628489009e-02
-2.122403315899714944e-03
-3.289422020293632493e-06
1.003977392031023437e-02
-1.985465421809774235e-03
1.918916483378449575e-03
1.003528595167679262e-02
-6.713511133295382892e-04
8.364331360050362594e-04
1.004281808397536335e-02
-6.713106436569883260e-04
-8.366807803399502284e-04
1.004361628891266810e-02
7.487643022171275873e-04
6.467618797101527299e-07
1.004504659413882860e-02
7.765514210871709904e-04
1.671021370410123979e-03
1.004153530427587954e-02
7.465345289712016713e-04
-1.643578175758822566e-03
1.003881280200595930e-02
2.264930005757725094e-03
-8.180136990219394290e-04
1.003862045131300763e-02
-7.065155538019015887e-04
-2.470490326107969287e-03
1.004592527356435762e-02
3.622308157690368006e-03
2.557265266914210324e-03
1.003186379085841025e-02
-9.909216274194287705e-04
3.519992806173373283e-03
1.002721421536706230e-02
-2.132764536365107811e-03
-1.652424488953094586e-03
1.004630571689763864e-02
-2.297397162656444371e-03
-3.467557649462261766e-03
1.003384745725874848e-02
2.512080220775262090e-03
3.654429712422471114e-03
1.003531114392531426e-02
2.493432992581022870e-03
-3.637634879129700294e-03
1.002729871498139746e-02
-3.649229160363552226e-03
2.495242641642433576e-03
1.003779340166827128e-02
1.873587206774757381e-03
7.843118566484106203e-04
1.003259618300963475e-02
3.867612251601574083e-03
-8.127222351763557003e-04
1.002584921667615779e-02
1.954957927595420836e-03
-2.383511167169026501e-03
1.003604353674343933e-02
2.183011131078689462e-03
2.138939751227313720e-03
1.003221661386348267e-02
-8.054879439261317239e-04
-3.888371050645348000e-03
1.002955966926895488e-02
-4.795880947439861786e-04
2.224195433393850747e-03
1.003451604246466226e-02
3.794040845827189798e-03
3.792168388961931515e-03
1.002894858148634973e-02
-3.790751111598670165e-03
-3.790057787036981048e-03
1.002092420644683929e-02
-3.788254567031997325e-03
3.793658580382685153e-03
1.002395493976050191e-02
3.792509950958634652e-03
-3.787776344400002083e-03
1.002272658808297731e-02
-3.563294059070111052e-03
-3.966993623109406342e-03
5.023578415652439448e-03
-3.938180839409482299e-06
-1.758280720052953228e-06
5.153734329120536473e-03
-1.796323183218569066e-03
-1.794398494569858808e-03
6.227428578102275382e-03
-2.554823003371470107e-03
-2.552536289601250313e-03
2.766140335858891745e-03
1.878167900439305614e-03
-1.846795150413354765e-03
3.359072646966831509e-03
1.863983568974977639e-03
-1.838096918566418892e-03
6.960788246252887744e-03
1.185863354529582232e-03
2.071441354335689083e-03
3.250954347922330179e-03
-1.602002440795056862e-03
2.088305657331262274e-03
6.697080065344676071e-03
1.605434076693584193e-03
1.573634103603648851e-03
7.162247701342537055e-03
-2.062580854133308841e-03
1.192764979093045375e-03
3.219666888395336397e-03
2.628958731170392277e-03
1.880668699658619614e-04
5.189427641473156640e-03
-3.298812902683470323e-04
-2.671226023155416022e-03
4.382737367104714947e-03
-1.664169445706474343e-04
-3.737738806379579427e-04
7.611680284149014222e-03
-3.690234416854727088e-04
-7.117057650526815559e-04
2.769870312958922030e-03
2.688373686747708591e-03
2.935055893734753738e-04
2.493970096323950419e-03
-2.631619880000522944e-03
4.029219862007335718e-05
7.652720140776449534e-03
-2.816451676784922573e-03
1.723716179596057618e-04
5.223470161233104148e-03
-2.181781328506156780e-04
-2.789779042410272820e-03
7.716365782438523897e-03
1.584583051657333878e-04
2.815741363494492829e-03
5.237067233316902021e-03
2.627057851092699271e-03
2.657858842236346560e-03
5.282324971381703940e-03
-2.879619285278730689e-03
-2.880407276936519916e-03
7.912260089015731371e-03
-2.997272596488063847e-03
-2.568444397847161054e-03
4.739475204402544307e-03
2.522760378985650998e-04
-2.965155829730056498e-03
2.346327121019242418e-03
1.501207627788950661e-05
2.951997657232273854e-03
7.994322024866202733e-03
3.016456930574069016e-03
-1.987082688233317816e-03
5.160872085860915108e-03
-2.998854028205204681e-03
3.016063793420655816e-03
2.342275076987416875e-03
2.987205099900688571e-03
2.990774864744060509e-03
2.333381763312273021e-03
-2.789557162944750375e-03
2.760156461754349755e-03
4.811202585961860297e-03
2.948816260817615272e-03
-9.356693100989628409e-05
7.898690773305728358e-03
-7.485987327790329321e-04
2.813058380923167366e-03
2.397268690820855089e-03
3.007349984891523678e-03
3.006757990570298189e-03
8.004018318527749212e-03
-3.007644556186540689e-03
3.014275920203566411e-03
8.035098141110133194e-03
3.084867376804718321e-03
-3.077323877517617462e-03
8.112093296385089122e-03
-2.975573566400280864e-03
-4.935545674973497833e-04
2.265644405333382561e-03
1.320985634142656786e-03
-3.155355444146196262e-03
5.509569403556479651e-03
3.107774097916792943e-03
-3.106401975339829254e-03
2.215861014165092669e-03
-1.660268118980837669e-03
-1.130792270900522756e-03
4.213461142830807887e-03
1.206774508968184957e-03
-2.657279414502978186e-05
3.684367206361104444e-03
2.163068147531907080e-04
9.831685975084411382e-04
1.991769519685893282e-03
1.512246043544142923e-04
-1.699212425198716155e-03
6.068414628350388487e-03
-1.167026430097911323e-03
1.126497981184954641e-03
8.251175110490964817e-03
1.302364188534318448e-03
-8.705083531198975610e-04
1.898894327396580262e-03
3.276713148690676199e-03
1.478823813028593438e-03
3.899090641531572244e-03
-1.332184376621653064e-03
1.437656800755228231e-03
4.944320738608748260e-03
-1.603783339069354743e-03
-1.473030430084275441e-03
8.248330487903745081e-03
-8.250824266916035850e-04
-3.392334792058554916e-03
5.976915730775698814e-03
3.363178069242434790e-03
1.370694802888344560e-03
6.443575209458966661e-03
1.272321805109480472e-03
-1.299295797457221684e-04
6.468606738942527835e-03
-2.643431665629472887e-03
-3.433570784862322641e-03
6.252579478810147209e-03
-1.349370419024660582e-03
2.688977298264173289e-04
6.366249220156894491e-03
3.264800352938438451e-03
-7.440803617458810167e-04
3.820222981171863229e-03
1.213907958304839092e-03
3.392043302225426077e-03
6.638574328417794213e-03
1.227485813707066952e-03
1.342108783066482160e-03
4.860719620581691394e-03
-3.406401567546639766e-03
1.307688830954316416e-03
6.538824670009263720e-03
2.503226526922321636e-03
-3.458327604140082334e-03
4.122227922915775930e-03
-3.611687570058797186e-03
-3.501916465866994170e-03
3.577449457275633498e-03
-1.172658771966170275e-03
3.305779087401055152e-03
4.070439710159920801e-03
-3.396559306042661649e-03
-1.445534121579138956e-03
6.978064183889745413e-03
1.391095439127314985e-03
-2.647372790374272374e-03
8.418271513721974422e-03
7.548754942108097665e-04
8.377148382257215090e-04
8.508894641494388345e-03
1.241991667876368591e-03
-8.737691096719979802e-04
8.551717787045160293e-03
3.331785300649085357e-03
-1.310948426684609884e-03
1.919819117236910193e-03
2.947841971309046738e-03
-3.378212702082999171e-03
6.352271820487160464e-03
1.395493939354775642e-03
-1.264947727353267232e-03
4.905757087545301043e-03
7.715890564829878170e-05
1.371426602991629310e-03
6.270649244411520204e-03
-2.693771339001037497e-03
3.509691640627936662e-03
6.386922211929925604e-03
-3.412032395683134434e-03
-9.911399629275890501e-04
4.100927865000623951e-03
-2.358174996646931207e-04
1.049995894825078799e-03
3.641223451169098031e-03
