-5.087454295029262240e-03
-5.083890818678362712e-03
9.642947238843149055e-03
-5.018769147965499410e-03
-5.020114541492011820e-03
-2.898119817606152146e-05
-5.089604879011700410e-03
5.096543927305445358e-03
9.637891354114502471e-03
-5.018223294840709614e-03
5.019748145814527211e-03
-2.739691812929888597e-05
5.085302291195284777e-03
-5.080865836849250000e-03
9.656948531819940784e-03
5.018067090044150275e-03
-5.018946166984401824e-03
-2.920663565364326866e-05
5.091018254414591063e-03
5.099928144216638731e-03
9.635630495699243001e-03
5.017823004788643688e-03
5.015940245475602501e-03
-2.792896775905141766e-05
-5.055031771836501590e-03
-5.052887888226285755e-03
1.587732480190651033e-03
-5.070350843668957122e-03
-5.069068458623678455e-03
3.198346676437820602e-03
-5.078105060589329853e-03
-5.082202610242560550e-03
4.818702942409006096e-03
-5.081339730696588994e-03
-5.088550164770544275e-03
6.436425601838146118e-03
-5.085985438314393793e-03
-5.089630606354944055e-03
8.041694675231749259e-03
-5.086776358006633338e-03
-3.389327433414996739e-03
9.646171333265113682e-03
-5.091390056217673203e-03
-1.692069889405055068e-03
9.649202885499863491e-03
-5.089163110365969682e-03
5.274800465175907756e-06
9.648763891752896657e-03
-5.088399522189627003e-03
1.703152464624571117e-03
9.655198068597267008e-03
-5.083350302483179498e-03
3.398077772119827058e-03
9.656414945822529988e-03
-5.058915645099499626e-03
5.056110459862884696e-03
1.577595684031451485e-03
-5.077114246725090638e-03
5.071537428674731222e-03
3.195880270634442275e-03
-5.085651694642539730e-03
5.080130646330510355e-03
4.814192632991929829e-03
-5.089136481105168905e-03
5.086240250168407376e-03
6.429619739356895285e-03
-5.085976927848168821e-03
5.088735796614743401e-03
8.031964085967683437e-03
-5.021570632589527142e-03
-3.340869310177496752e-03
-3.348152815322989778e-05
-5.029590475078385067e-03
-1.668239915328691711e-03
-4.080949773964451911e-05
-5.028275547030865503e-03
2.970849730103166472e-07
-3.892965684155153341e-05
-5.027196068699994747e-03
1.668337743471476212e-03
-3.679338418557381450e-05
-5.022965038268758717e-03
3.339218394176015747e-03
-3.288924076168331173e-05
5.052958110379310482e-03
-5.052773699993880555e-03
1.587121974142200647e-03
5.074916957847455494e-03
-5.070256568392301523e-03
3.203588446057999400e-03
5.081256820744591354e-03
-5.077631651120969626e-03
4.821395190072837698e-03
5.081454133888579916e-03
-5.076597536644856558e-03
6.439335743288283377e-03
5.085799781062503092e-03
-5.080056466133677992e-03
8.050655143902123168e-03
5.092523218093340971e-03
-3.384068272767572477e-03
9.650232201575610277e-03
5.089137672141077692e-03
-1.686464811424208139e-03
9.654711347831152618e-03
5.083664118947249511e-03
6.846279394710682239e-06
9.658652199194206478e-03
5.084449263632401066e-03
1.700670690267426380e-03
9.655562571553174059e-03
5.089214684110342918e-03
3.400263432190390837e-03
9.647488312582649939e-03
5.054219099080037997e-03
5.055207099758901590e-03
1.584423447430548509e-03
5.074005786529522423e-03
5.075807921739479769e-03
3.198245921281042941e-03
5.082207683155559944e-03
5.083705523445346090e-03
4.814777462478324853e-03
5.083262783650956476e-03
5.086417948328795895e-03
6.430769421960432983e-03
5.082440007494849928e-03
5.090331525897471426e-03
8.030320995305678666e-03
5.021223287203687054e-03
-3.341837048154205729e-03
-3.404244710672699138e-05
5.025083542769893767e-03
-1.667597632325990660e-03
-3.186086008556789420e-05
5.029840529008064616e-03
-1.919410636630307111e-06
-3.561984383363768871e-05
5.027668902515507535e-03
1.671036385652355412e-03
-3.969721882080848118e-05
5.022593978673292256e-03
3.342489541691718961e-03
-3.168268642495959664e-05
-3.341323643030275937e-03
-5.021023799357726171e-03
-3.222212596471330079e-05
-1.668486872760398514e-03
-5.031798338722607775e-03
-3.559281792257638260e-05
8.650433246043750641e-07
-5.027677629404867995e-03
-3.488066432408835254e-05
1.668226776145480001e-03
-5.025969512339059989e-03
-3.755589338413640576e-05
3.340972176615724862e-03
-5.021668032365970112e-03
-2.999376841863677764e-05
-3.394179139231654190e-03
-5.075549733085175409e-03
9.656742867224626589e-03
-1.696417842518207087e-03
-5.082004006405889916e-03
9.653695372422674628e-03
-1.867545272193007487e-06
-5.085107205973453740e-03
9.657980659922999964e-03
1.697132518930759325e-03
-5.091722715703048824e-03
9.646777237302584310e-03
3.392614111728887820e-03
-5.081147499979563227e-03
9.657874070666918817e-03
-3.339426629730708491e-03
5.020859614474492034e-03
-2.929953929866202110e-05
-1.670654426532711427e-03
5.027263443559967099e-03
-3.791471959825743604e-05
9.430086094455394179e-08
5.027871602467703926e-03
-3.972410449461209492e-05
1.668481242610077298e-03
5.026734464513651218e-03
-4.028542880946692304e-05
3.339790187579616803e-03
5.022226306156824145e-03
-3.184206694711244964e-05
-3.393604284182716140e-03
5.093209176746750499e-03
9.647387516637757204e-03
-1.694729470665059514e-03
5.101671907624624226e-03
9.636002103935189730e-03
-2.298975918994874527e-06
5.086593551598391459e-03
9.659523011481194188e-03
1.693254087395033858e-03
5.101667739616373189e-03
9.640432701966027834e-03
3.390716152965638636e-03
5.103860516020129398e-03
9.637616674386395577e-03
-5.081972552190589833e-03
-3.554873944955599073e-03
5.617018133217482716e-03
-5.088451923158225122e-03
1.013340689042842909e-03
8.207086838942435209e-03
-5.056536816990886765e-03
9.852289502762761730e-04
1.427478633813961421e-03
-5.085758586584888420e-03
3.625047095363154604e-03
5.612301242898441907e-03
-5.052662749096896791e-03
-2.552746577807620595e-03
1.297490925327830519e-03
-5.086963298491616742e-03
-2.561574874636647018e-03
8.309504378521627779e-03
-5.069515135995740843e-03
3.631431419369671003e-03
2.407270124952761228e-03
-5.080248246064155912e-03
3.617785852754407984e-03
4.011038318848534137e-03
-5.083817434691556211e-03
2.151964520666322690e-03
4.824926622610243958e-03
-5.086329282037119030e-03
2.030536246521138892e-03
6.667520049573032008e-03
-5.084668200387181328e-03
6.833072786653094375e-04
5.635774741440357540e-03
-5.078654659682415619e-03
6.515835391628950609e-04
4.072257089676714972e-03
-5.082537791950465962e-03
-7.616094855613356109e-04
4.838921570558436802e-03
-5.084429037304495115e-03
-7.867822817105736815e-04
6.440188671687192314e-03
-5.075316985962462571e-03
-7.961584370828340539e-04
3.286498122031194288e-03
-5.077506144442619183e-03
-2.201306308869871615e-03
4.257965132896721246e-03
-5.078369142895370995e-03
1.996435302466986750e-03
2.971740769449735756e-03
-5.058083868556782596e-03
-8.027746814823879043e-04
1.624039041045916313e-03
-5.087197563811497389e-03
-7.993320787799453866e-04
8.028046731305788983e-03
-5.087118374201643478e-03
2.570248098280162891e-03
8.278864156414258643e-03
-5.086297354521172008e-03
3.696145738637710964e-03
7.223500853859615711e-03
-5.056336627301198650e-03
2.530858319110515335e-03
1.325347367099285805e-03
-5.083993922773575626e-03
-3.694603642102437489e-03
7.266739864034484075e-03
-5.062574746172881536e-03
-3.727081391672121529e-03
2.319248708298162626e-03
-5.079305160564405626e-03
-1.877753797280811050e-03
5.627420348265279627e-03
-5.074371223796931771e-03
-3.706421844446610835e-03
3.915424602110728278e-03
-5.069813860798754596e-03
-2.192985170629928315e-03
2.734797542534754284e-03
-5.084178861390777245e-03
-2.214296412514088572e-03
6.879961083314235261e-03
-5.070143737690062727e-03
4.066894116306516652e-04
2.676619045461607876e-03
-5.083847740980528516e-03
5.142362010451261315e-04
6.964022985167953560e-03
-5.088424295568698234e-03
3.849841396305812066e-03
8.473881711161869792e-03
-5.086449366254412914e-03
-3.843444436718735941e-03
8.465441229500101847e-03
-5.050408434330643653e-03
3.807487936587754859e-03
1.161085104663805469e-03
-5.045905295053654087e-03
-3.813685091252258606e-03
1.154691249310975300e-03
5.082112576714705246e-03
1.011527959433406983e-03
8.206248891021570083e-03
5.055134030451212054e-03
9.872699026503008960e-04
1.426211767337290208e-03
5.080255372003442474e-03
-3.546018728073694823e-03
5.614460172119759354e-03
5.085682100270109279e-03
3.626886590814754931e-03
5.612570521265952163e-03
5.069744014550777410e-03
-3.529629039552957103e-03
2.523005431504911703e-03
5.083403146590385890e-03
-2.558331030143128071e-03
8.320077377554772544e-03
5.068214657652664670e-03
3.635914129044666519e-03
2.411310267001874012e-03
5.076767340110439203e-03
3.620914134811253991e-03
4.015240069417854059e-03
5.084969334355631670e-03
2.151733821640463423e-03
4.825357583975049477e-03
5.083456644235875670e-03
2.031884461561076546e-03
6.670732516308277779e-03
5.084981701904733691e-03
6.835630046057978269e-04
5.637433676225630901e-03
5.088484701366244485e-03
6.531837924780976813e-04
4.071913918036313557e-03
5.082007398418919748e-03
-7.594072124846542498e-04
4.834204582287839405e-03
5.080408228789870528e-03
-7.965047539998230432e-04
3.279420935927075328e-03
5.081036405906307410e-03
-7.848478809515870448e-04
6.439984836255801745e-03
5.081963417834045246e-03
-2.313768700341555049e-03
4.051388761292722823e-03
5.074258434221545766e-03
2.002187961859879829e-03
2.966361856330348035e-03
5.084133432941099866e-03
-7.976485442099281835e-04
8.030687611688109781e-03
5.082638295075313575e-03
2.569739594640445095e-03
8.281400913927684793e-03
5.058546975923150155e-03
-7.819473651051797721e-04
1.624669499538458585e-03
5.081582863991141071e-03
3.696515902491369875e-03
7.224635476798399458e-03
5.054603237737262562e-03
2.533749435922571982e-03
1.326825987120373081e-03
5.082781173203139088e-03
-3.686334495773648141e-03
7.273867528147479576e-03
5.048839086133796554e-03
-2.457365587762512689e-03
1.333260319844132907e-03
5.081394258662629872e-03
-1.896837379977102693e-03
5.585069448065961735e-03
5.079065922385294675e-03
-3.909190052603004305e-03
4.042751340566941645e-03
5.070836030531785006e-03
-1.977327767557782601e-03
2.564232725910138046e-03
5.080907336031372824e-03
-2.211664204402719047e-03
6.878354355645515360e-03
5.073010446601474745e-03
4.141805293848171737e-04
2.678084345162596268e-03
5.082866538321939229e-03
5.123206283568266682e-04
6.964704234065706434e-03
5.082859148028067570e-03
3.851074075383105477e-03
8.473968779191837913e-03
5.084949700501671492e-03
-3.838453641773905637e-03
8.480123959755822560e-03
5.047106045284768978e-03
-3.807389232089034188e-03
1.160619087685655281e-03
5.043425494667273107e-03
3.806614384407670457e-03
1.164617864892073494e-03
3.624855402646583354e-03
-5.076973003662994637e-03
5.616902873012854722e-03
-3.549414751209203651e-03
-5.085692363587600295e-03
5.613249501854302749e-03
9.880956138752150161e-04
-5.053394934119160610e-03
1.430613400522944955e-03
1.006930054874908718e-03
-5.082069292711457326e-03
8.213414997834036363e-03
-2.555343907263346332e-03
-5.053476366371367594e-03
1.294792995123751752e-03
-2.564002485691519242e-03
-5.085006114585850778e-03
8.317178320532947131e-03
3.632913465946254437e-03
-5.064838604236294138e-03
2.418328973082296569e-03
3.618939766907339987e-03
-5.075496750984268349e-03
4.019925586056146034e-03
2.151854329745392803e-03
-5.079798277680413338e-03
4.830455594878814603e-03
2.027776902522801517e-03
-5.076505359950185363e-03
6.676417636743191622e-03
6.831105697652565785e-04
-5.079483333667488693e-03
5.636357907733815890e-03
6.530052534953469058e-04
-5.077515590224081742e-03
4.071740377285739017e-03
-7.607759006168807615e-04
-5.079563817143220757e-03
4.838962592569643131e-03
-7.839052958013201754e-04
-5.079663913324811500e-03
6.443704813110080754e-03
-7.935029112750551644e-04
-5.078090050060188147e-03
3.282936188855763680e-03
-2.198319001023613280e-03
-5.081420599234152437e-03
4.251973555072499286e-03
-8.036627187453028757e-04
-5.056403222576822537e-03
1.617280224664413828e-03
1.999356991110547675e-03
-5.075538386011335841e-03
2.976582653150470093e-03
-8.009596134596910994e-04
-5.078968498950400638e-03
8.037777459800015192e-03
2.565593231688094184e-03
-5.081630278666853656e-03
8.283881246375664545e-03
3.693309228190745901e-03
-5.077427127061710788e-03
7.230871404759846993e-03
-3.688985461551600419e-03
-5.086943287967926434e-03
7.268870480494129052e-03
2.533027392403815366e-03
-5.053842086336100825e-03
1.328735754868615908e-03
-3.727865635487671945e-03
-5.063987699096278959e-03
2.318643526475905412e-03
-1.875555065668537769e-03
-5.081288546253883917e-03
5.628140008676153772e-03
-3.702580780629822522e-03
-5.077781090093892377e-03
3.910692502864031132e-03
-2.190943855068176304e-03
-5.073347142412678625e-03
2.729458768040875401e-03
-2.209527577190429758e-03
-5.083070336111789739e-03
6.886986286222331749e-03
5.122186148745874919e-04
-5.079903033103759513e-03
6.970339057511014055e-03
4.075703051240107499e-04
-5.071078008855137674e-03
2.676280209821981469e-03
3.844806242483259258e-03
-5.079761212633348774e-03
8.479004889526317243e-03
3.808131954986485913e-03
-5.043746181259886434e-03
1.165661906505012675e-03
-3.842928167382660912e-03
-5.087465942164150733e-03
8.470339251119623700e-03
-3.817139042828341343e-03
-5.049137427577806043e-03
1.151340349230046836e-03
3.625066479337573679e-03
5.088163749992084643e-03
5.610955885681819487e-03
-3.556710822274845255e-03
5.084378584099276399e-03
5.608433570906653023e-03
9.854285723255263793e-04
5.050187293283999769e-03
1.426942697489765651e-03
1.006019596184331210e-03
5.088992363075750536e-03
8.199493097052932070e-03
-2.555580383519392030e-03
5.049467458116929999e-03
1.300141587647763667e-03
-2.567950600717815602e-03
5.091465967394730174e-03
8.310615784953959834e-03
3.632250381962551927e-03
5.069162750514922232e-03
2.411250585739706503e-03
3.618672055219362364e-03
5.080071024500252760e-03
4.013477907557089046e-03
2.151971076230268544e-03
5.087190699512859210e-03
4.820412750487229267e-03
2.027644321719422691e-03
5.088333655939287700e-03
6.663200508288686513e-03
6.828640249944482833e-04
5.089600424968024860e-03
5.628725924710782126e-03
6.503961034409334700e-04
5.081280655393293107e-03
4.069326390405857662e-03
-7.634906324303939937e-04
5.087102809090795694e-03
4.835939086896940201e-03
-7.867788468978944997e-04
5.085547121970956930e-03
6.432785139524685968e-03
-7.982552294239118277e-04
5.076452195685053626e-03
3.282927963438046510e-03
-2.204946234679803965e-03
5.083735623446875539e-03
4.255084154047191793e-03
-8.044192570501678373e-04
5.061430546425007247e-03
1.622910827429409472e-03
1.997141452197076245e-03
5.077703426737056533e-03
2.970165357612378817e-03
-8.024216421938399832e-04
5.093114435500888104e-03
8.023935360639422240e-03
2.563255943046194481e-03
5.086802721006397458e-03
8.276977209216579423e-03
3.691097453164254773e-03
5.087856014473491825e-03
7.221516042547754255e-03
-3.692496569559086499e-03
5.087279402603063841e-03
7.260795237132183257e-03
2.528609608381012473e-03
5.055320338215899163e-03
1.332110004813543075e-03
-3.736898262808820061e-03
5.065873331514914729e-03
2.320503173974585841e-03
-1.878592392708630914e-03
5.088572387732899147e-03
5.621258410888520761e-03
-3.708742626684249748e-03
5.078188790429212507e-03
3.909612863960208740e-03
-2.198666953566694952e-03
5.074592795631908612e-03
2.733497692838273395e-03
-2.211927452050013992e-03
5.085757214950587489e-03
6.874745701851966984e-03
5.090603313596905356e-04
5.087425860420026480e-03
6.958031022147700279e-03
4.066390296124265322e-04
5.070523581233212125e-03
2.672872330815027897e-03
3.842731815867635008e-03
5.087107054530047578e-03
8.472898049141528928e-03
3.805827444487892147e-03
5.046357524979175162e-03
1.165340539579236712e-03
-3.846276004840519513e-03
5.090931223419083509e-03
8.469593198102047873e-03
-3.815194416066930525e-03
5.044741869894685954e-03
1.156512344910702594e-03
7.980957841531879883e-04
3.341783077545528238e-03
-3.139235672166855500e-05
7.778385177868482169e-04
-3.429910096226432194e-03
-3.702993201637774475e-05
-3.582229614172409687e-03
8.222206350837419145e-04
-2.893028989926550471e-05
3.525849540518052362e-03
8.225118466224021208e-04
-3.008009242004472782e-05
-3.613335542910685230e-03
-2.441201788043608715e-03
-3.040859801164881050e-05
3.499771489035632347e-03
-2.379931798307593702e-03
-3.522637263940020351e-05
-2.559531532312686423e-03
3.585970281180359334e-03
-3.017343117130274685e-05
-3.581639650034280919e-03
-8.250872557776159485e-04
-3.823111946481638312e-05
-2.123246319515230754e-03
-2.492466560161132870e-06
-4.662373029171618284e-05
-1.985351863228736104e-03
1.923730936462695815e-03
-4.161951166907198264e-05
-6.693636408849652905e-04
8.350089735599317128e-04
-4.378770446295356041e-05
-6.678516844421210482e-04
-8.361378536875815979e-04
-4.575312070567406030e-05
7.496405202049353199e-04
2.682813409574867925e-06
-4.454431779727905142e-05
7.732210754495513804e-04
1.673434430425165030e-03
-4.068875474059184278e-05
7.503218703775922389e-04
-1.641406117193392779e-03
-3.926828316214832847e-05
2.263521324418973565e-03
-8.167452949856945227e-04
-4.136766547602314269e-05
-7.022631516522413915e-04
-2.468390996321724335e-03
-3.495870436747059270e-05
3.623380795772607795e-03
2.557941634059966197e-03
-3.110556653625151343e-05
-9.849956256958300113e-04
3.520574447465007594e-03
-3.670984170033817504e-05
-2.136395887162603063e-03
-1.653146491777474731e-03
-4.008562824199067684e-05
-2.299725972108344636e-03
-3.472137985846202556e-03
-3.875072684455811278e-05
2.514646789756384577e-03
3.654986098224688625e-03
-3.500952398598244138e-05
2.498559201511689302e-03
-3.640895228983548164e-03
-3.533282656157741560e-05
-3.647651760411475558e-03
2.494725219303733747e-03
-3.357873139965780762e-05
1.870965922448037918e-03
7.860770648157332273e-04
-3.199440467170209834e-05
3.862913974650341274e-03
-8.067747062318680277e-04
-3.620932771336576742e-05
1.959011619131006531e-03
-2.380005237924026542e-03
-2.604584732199987895e-05
2.184139227792565065e-03
2.138281625014754918e-03
-3.496899997840706014e-05
-8.064023063719118981e-04
-3.893440276189322462e-03
-2.821289711829029983e-05
-4.807870274597120111e-04
2.225591903154383166e-03
-3.920868074599520640e-05
3.790172924952922053e-03
3.792921303040665357e-03
-2.371869872491049312e-05
-3.792413366466739887e-03
-3.793110947735111455e-03
-2.122331346174792180e-05
-3.792345207325408495e-03
3.792192146329342525e-03
-2.354745833562156847e-05
3.793231288583203114e-03
-3.791181529043999819e-03
-2.558232880644963086e-05
-3.626278194260642435e-03
8.389050985382229698e-04
9.651101521693551677e-03
8.106808337708929684e-04
3.389977136205043085e-03
9.659825846077491410e-03
7.843050164265618317e-04
-3.465034560500735317e-03
9.663537069878474356e-03
3.566802664028479331e-03
8.460311598916704515e-04
9.660001833764180618e-03
-3.660330694140193509e-03
-2.472934972207770435e-03
9.654431338437683904e-03
3.546649154434270302e-03
-2.408950643348567108e-03
9.661151810810527860e-03
-2.599200435559704918e-03
3.637146137436164401e-03
9.653328624925626086e-03
-3.628316128502942148e-03
-8.344836214902579246e-04
9.657125647387769171e-03
-2.152694501150974153e-03
3.053444605095930061e-06
9.662364953552509197e-03
-2.012347958053926824e-03
1.951333852815276054e-03
9.653908765491365715e-03
-6.804913425244329440e-04
8.493502498392942364e-04
9.667214393548997572e-03
-6.820011416708935542e-04
-8.428662978347544214e-04
9.679541997013332844e-03
7.547637702686076696e-04
4.925499093975189554e-06
9.675684489570830424e-03
7.860099918435898463e-04
1.701179377592910644e-03
9.662987472247707571e-03
7.524417273434892174e-04
-1.656896407783526714e-03
9.679201080218708536e-03
2.296663029647619866e-03
-8.197209458667779327e-04
9.666936437097846738e-03
-7.151349352625553093e-04
-2.497439659268393519e-03
9.673666069532037282e-03
3.667382526478856885e-03
2.604405971082894393e-03
9.656628807883213886e-03
-1.000871310424461492e-03
3.570695818805461400e-03
9.649634965277180051e-03
-2.166408962314508770e-03
-1.672825463061603781e-03
9.662458870793521129e-03
-2.334025341335670654e-03
-3.512023135986278195e-03
9.655014046509051776e-03
2.548081530499689534e-03
3.704272818438375005e-03
9.658732484469110396e-03
2.530932794133279162e-03
-3.681042606678194915e-03
9.657441218343417247e-03
-3.695953094960736842e-03
2.535189726474241633e-03
9.656802809653589753e-03
1.898600128774150268e-03
8.032536289508527454e-04
9.665638983512754578e-03
3.917272478505534963e-03
-8.115624877128793527e-04
9.660311950693396821e-03
1.982243066445850410e-03
-2.405440389281550146e-03
9.667872458877169867e-03
2.213118448934295584e-03
2.175359980634228741e-03
9.659999873727653438e-03
-8.209805121069429145e-04
-3.934524979986514688e-03
9.664104158563807667e-03
-4.885372177525118109e-04
2.262011303417202357e-03
9.660099847851153984e-03
3.844116996474781448e-03
3.851625841785238317e-03
9.658816492624899830e-03
-3.848473385230061650e-03
-3.840949696610265317e-03
9.643625687718985345e-03
-3.846056412110718421e-03
3.850736630281517085e-03
9.651348561727609437e-03
3.845363161645810966e-03
-3.838793108508734616e-03
9.657706774184277726e-03
-3.560456522307580904e-03
-3.965243535493400730e-03
4.674347759831566293e-03
-2.707604590918563238e-07
1.607528738982415411e-06
4.835969202973043612e-03
-1.795870142675976694e-03
-1.796738491977483690e-03
5.903601257850056919e-03
-2.535392331654914063e-03
-2.537291206175910658e-03
2.423544054374453856e-03
1.874766522364776800e-03
-1.834854303765803222e-03
3.032489537296869948e-03
1.871016469664422239e-03
-1.840557046340532367e-03
6.636113396453820201e-03
1.182520469351124861e-03
2.065077075035404771e-03
2.923713974006234267e-03
-1.604453396416134986e-03
2.101431166707517974e-03
6.367839234677792962e-03
1.613666610252605755e-03
1.585586741379023650e-03
6.835775436338134559e-03
-2.052109485777119796e-03
1.187781941112343170e-03
2.890709373320641314e-03
2.629647823531826648e-03
1.917842432362072366e-04
4.868059284478763564e-03
-3.249414421918326071e-04
-2.667163460091828090e-03
4.054782737852500284e-03
-1.653343172576273140e-04
-3.712573259348154325e-04
7.282646161445581988e-03
-3.646772135598380453e-04
-7.054927026338570764e-04
2.441467045568374711e-03
2.673836171146041097e-03
2.949976940385966350e-04
2.160513775276784801e-03
-2.640606758573523210e-03
4.372403195451671362e-05
7.314657108300677904e-03
-2.811870665426495757e-03
1.755854738136077811e-04
4.896364400283094269e-03
-2.193616220331626111e-04
-2.796291734960327201e-03
7.384680698217739071e-03
1.628439934638858358e-04
2.821371811178277796e-03
4.911560614568460069e-03
2.631276358010722297e-03
2.662874060070329323e-03
4.951865147905081151e-03
-2.895992318369437594e-03
-2.892603460595176684e-03
7.569101484026672863e-03
-2.991407690665969909e-03
-2.566413863299288420e-03
4.401268268391476425e-03
2.557102025846207127e-04
-2.943730619657507035e-03
2.005265640619366581e-03
1.681583909260902170e-05
2.975165529817709771e-03
7.656217839539153358e-03
3.016648000625448724e-03
-1.987240029790316841e-03
4.834023144719516545e-03
-2.974764233087138967e-03
2.995564758501658223e-03
1.996788857210166773e-03
2.968449097893067091e-03
2.970010817401881349e-03
1.989923489434451947e-03
-2.787625102211724500e-03
2.762256946063297840e-03
4.475320497444692722e-03
2.964236743528898474e-03
-8.997530837909946942e-05
7.564161477297104419e-03
-7.419133298142097663e-04
2.796464589962337904e-03
2.060017356150534336e-03
3.030374028855904386e-03
3.036135282401403179e-03
7.658216532223960892e-03
-3.029074391326513384e-03
3.038629878309314757e-03
7.687213267167967469e-03
3.105306855268688288e-03
-3.092569994600015502e-03
7.772197832300807921e-03
-2.945580853248430404e-03
-4.861888408035444924e-04
1.924663299691174289e-03
1.322902986491665198e-03
-3.154639447992173620e-03
5.182559517842146544e-03
3.088001815498501567e-03
-3.080262005002701656e-03
1.871598841316397333e-03
-1.652398351234538000e-03
-1.129063083237573763e-03
3.894069338063477388e-03
1.208061665881098815e-03
-2.336923390126484165e-05
3.364017537662922393e-03
2.122493456080773607e-04
9.758407518382681374e-04
1.657029749129031778e-03
1.544070329002740721e-04
-1.699558997883539140e-03
5.746687584589434475e-03
-1.173453186296824187e-03
1.139321575353828163e-03
7.908753354656357371e-03
1.291463293620661494e-03
-8.603421640723297754e-04
1.557400960645168898e-03
3.276888266007715357e-03
1.475847704020082649e-03
3.570874850200492397e-03
-1.330033158555732776e-03
1.442994775117454557e-03
4.622070308777162517e-03
-1.612224620582731896e-03
-1.478053510632090436e-03
7.911671285227392381e-03
-8.255575355887992059e-04
-3.393132763084558308e-03
5.643791176548652866e-03
3.367809502819170235e-03
1.379220919376795409e-03
6.115437163805212059e-03
1.277208973354345203e-03
-1.264958272295540771e-04
6.147434006275585318e-03
-2.646764511480345725e-03
-3.436116310945282887e-03
5.912103450207826898e-03
-1.348575683777100990e-03
2.735861094970178228e-04
6.042153532609368695e-03
3.263044044209550184e-03
-7.400297710463274925e-04
3.493423894412935483e-03
1.221694580282276605e-03
3.402080234012576278e-03
6.307484070931514489e-03
1.229566779369862563e-03
1.346135718995599643e-03
4.540048440659605680e-03
-3.408989475182002543e-03
1.314595620856454572e-03
6.204857315529004221e-03
2.498744019359690292e-03
-3.449903561997807490e-03
3.788912526127975570e-03
-3.596341040178040009e-03
-3.492933902852044577e-03
3.230230802957796774e-03
-1.167586869154340051e-03
3.305880913639565669e-03
3.739806740855462948e-03
-3.401395148829479322e-03
-1.449206813117848852e-03
6.639762270503064834e-03
1.401178780299488971e-03
-2.654598426257450110e-03
8.082267086388213173e-03
7.620993038947012016e-04
8.491389027117036059e-04
8.167062437776219028e-03
1.251435043512087123e-03
-8.737045281445583560e-04
8.214720023315129349e-03
3.306122179536974143e-03
-1.295652774537525481e-03
1.576856397570386079e-03
2.956362242009057464e-03
-3.381334237530327167e-03
6.019620678313179762e-03
1.395985653784120786e-03
-1.261028450864835676e-03
4.587208077387262134e-03
7.904617152461347054e-05
1.380064054774674670e-03
5.948088747618644756e-03
-2.700488265446446528e-03
3.520352720786265772e-03
6.046056864563466131e-03
-3.401010172996670692e-03
-9.870972698976696828e-04
3.766514875255930987e-03
-2.335526108739373612e-04
1.049055505789569858e-03
3.320290568034882633e-03
