-5.012738943185599157e-03
-5.008212824296497112e-03
1.000792784926371644e-02
-5.013085732646504686e-03
-5.009225559425347155e-03
-8.638788942511381848e-06
-5.013993542522869953e-03
5.008459850685036997e-03
1.000885694151944748e-02
-5.013707728665669529e-03
5.008524974639299264e-03
-8.772445100007800095e-06
4.827608145529169170e-03
-5.044258922627145938e-03
1.003920766396609009e-02
4.815101351801636884e-03
-5.047529165922321273e-03
-4.816663576356751631e-05
4.822089483081193860e-03
5.046933826249689302e-03
1.003976324000944303e-02
4.813816526743461624e-03
5.044835797041568280e-03
-5.203245152239342774e-05
-5.017825659109421618e-03
-5.012009222659881413e-03
1.664003594455370398e-03
-5.014266059169922296e-03
-5.012770235853401639e-03
3.329774085043743937e-03
-5.020120016316382584e-03
-5.014208484261543225e-03
4.999486959781045473e-03
-5.018716692848456014e-03
-5.013736653121257138e-03
6.668165140820700790e-03
-5.015313184409056144e-03
-5.011191220734038596e-03
8.337928764196325671e-03
-5.016863349240550420e-03
-3.337569741923799172e-03
1.001188430255421126e-02
-5.022340594225539571e-03
-1.669480277084555700e-03
1.001431631674631374e-02
-5.021580168945780423e-03
1.688645081629152747e-06
1.001414166314460417e-02
-5.017702190005281226e-03
1.668831692833978517e-03
1.001308232125933291e-02
-5.017574036260845360e-03
3.337758323427915657e-03
1.001237289673790470e-02
-5.015651155401566058e-03
5.010936810200012671e-03
1.662968795406387151e-03
-5.019700791175949611e-03
5.013782820517652568e-03
3.331511073751050513e-03
-5.017974062217669950e-03
5.014034458141572101e-03
5.001247872996529564e-03
-5.016445108805811168e-03
5.012820806820887307e-03
6.668004505636443251e-03
-5.015565181486377616e-03
5.010819967393262409e-03
8.335814238713486896e-03
-5.016211802961132935e-03
-3.337965390686818863e-03
-1.114493782019494737e-05
-5.020996350609959261e-03
-1.668249037479404466e-03
-1.348733140286965276e-05
-5.022772573601560347e-03
8.373756514920878122e-07
-1.413638951104930118e-05
-5.015300063690624269e-03
1.668317300854878877e-03
-1.258283415003645422e-05
-5.015968734138440133e-03
3.336754380373845204e-03
-1.179323881420397103e-05
4.821023937560270541e-03
-5.045003493490195050e-03
1.630740663801640055e-03
4.817603803030231016e-03
-5.048313818765411826e-03
3.312650954777463137e-03
4.826542939305947764e-03
-5.042064641984179973e-03
4.996734051529520305e-03
4.822395200411170452e-03
-5.047116695983824321e-03
6.678319733564486334e-03
4.827388881552698192e-03
-5.044355564407447361e-03
8.359275323430006080e-03
4.824384501942043622e-03
-3.363314183382798157e-03
1.004245876470718363e-02
4.830014742191873593e-03
-1.681837972490799957e-03
1.004056890576805749e-02
4.831812801581702489e-03
1.991584000110904249e-06
1.003836250719361903e-02
4.829230472052409642e-03
1.685353837252600261e-03
1.003865011866890249e-02
4.826915379533721490e-03
3.365292205613887224e-03
1.004145372744898700e-02
4.817149445499682887e-03
5.046086585677931474e-03
1.631249991751332297e-03
4.823439343550556604e-03
5.043885075221988049e-03
3.312148821065412710e-03
4.821075237589337280e-03
5.046723381926217569e-03
4.994763789005650899e-03
4.825410851586285459e-03
5.044789577953379643e-03
6.675864964412549923e-03
4.830508462130908044e-03
5.043306628754403581e-03
8.357735284353469407e-03
4.815374790507540373e-03
-3.365123123438428128e-03
-4.806479069498033525e-05
4.814822440614980985e-03
-1.684170914616175572e-03
-5.190466846652597800e-05
4.814011032205441423e-03
-1.351900062162303942e-06
-5.411430522455318949e-05
4.812707175328773471e-03
1.682989196525197994e-03
-5.542129736111515921e-05
4.810028220860006545e-03
3.364673206972249985e-03
-5.668621664089632911e-05
-3.375848746071156981e-03
-5.030905020455262930e-03
-2.660950124525960893e-05
-1.733085315897245522e-03
-5.036966235664307873e-03
-3.693295076125905388e-05
-9.552825184374769010e-05
-5.043734412156487129e-03
-4.021196997750292536e-05
1.539658865383299047e-03
-5.046767161975273218e-03
-4.392267924364448854e-05
3.176545401566167708e-03
-5.048241320917449919e-03
-4.576576826616503388e-05
-3.370685064074091519e-03
-5.027771402444945748e-03
1.002946821607608903e-02
-1.729115611749138144e-03
-5.031990977942425031e-03
1.003829267426443669e-02
-8.637224318930498967e-05
-5.036839141164732234e-03
1.003999953931965922e-02
1.549349345617824069e-03
-5.039211610774978374e-03
1.004210153096782646e-02
3.186533250438360661e-03
-5.043149042152248081e-03
1.004090404486621818e-02
-3.375542210140651447e-03
5.028766461785847026e-03
-2.759457849271786757e-05
-1.735859732430873300e-03
5.040160964397718928e-03
-3.801832850261623693e-05
-9.516244659270229375e-05
5.042536833247851166e-03
-4.214395136581707138e-05
1.538804340875925530e-03
5.044351564882420223e-03
-4.690882393420706093e-05
3.177675841176560295e-03
5.045375656747635822e-03
-4.938870240670584010e-05
-3.371420040140425244e-03
5.028888022804653586e-03
1.002692334841373024e-02
-1.731499896825320879e-03
5.036284164934862889e-03
1.003588338212867657e-02
-8.878302018937494556e-05
5.037360523529215046e-03
1.003908564129576964e-02
1.551018961584834039e-03
5.042746655107542726e-03
1.004003438925945429e-02
3.187775489077177525e-03
5.044060123351633979e-03
1.003799377839564508e-02
-5.017736328952909254e-03
-3.500734354188018895e-03
5.815459766061548651e-03
-5.012821182904983464e-03
9.940114849022619464e-04
8.507210188114153887e-03
-5.014419212232798170e-03
9.794232915358777863e-04
1.484352138380917382e-03
-5.019835732005249219e-03
3.572451760850901738e-03
5.821393013014954793e-03
-5.013317486252144226e-03
-2.542436468493735040e-03
1.348804962080174964e-03
-5.015820614025838682e-03
-2.527647993959907923e-03
8.620248519277548538e-03
-5.019008705205164379e-03
3.597747071005894838e-03
2.502680356976180569e-03
-5.017022188701279750e-03
3.573670854293259543e-03
4.165705993483312559e-03
-5.019627231414569395e-03
2.118509887530453401e-03
4.998225706546933177e-03
-5.020569374617603331e-03
1.994434485387911078e-03
6.907562114606501276e-03
-5.024096702402267890e-03
6.716380065951745026e-04
5.834422696100727106e-03
-5.017068548026218551e-03
6.421504698060135057e-04
4.213339372364268733e-03
-5.017374802644117629e-03
-7.515510417997121710e-04
5.006364142362346864e-03
-5.018651080683770270e-03
-7.744197742634105876e-04
6.669175984204633000e-03
-5.021908852059738144e-03
-7.866997114200341814e-04
3.398990787520699431e-03
-5.020351832417510075e-03
-2.166477126109062415e-03
4.403045760462160653e-03
-5.022292832437006728e-03
1.978657863091862722e-03
3.077143135115192971e-03
-5.021097844648789686e-03
-7.987988471352935318e-04
1.679740330419113607e-03
-5.015861915898341475e-03
-7.894916501581867490e-04
8.326563600219962641e-03
-5.018879017509031079e-03
2.525608889262279631e-03
8.580870454363039371e-03
-5.017206549336710418e-03
3.639253585776406393e-03
7.489443709950934121e-03
-5.018647951829293546e-03
2.517567832737891299e-03
1.378385990481338207e-03
-5.015549811769400186e-03
-3.638723214709102451e-03
7.531576071449092198e-03
-5.015499264225978422e-03
-3.692208654114355337e-03
2.414299170438281069e-03
-5.014400408910780690e-03
-1.850812363392068680e-03
5.824519113774398980e-03
-5.020406507511545637e-03
-3.656935940998426362e-03
4.058516538185515110e-03
-5.017837128037683572e-03
-2.169108432797311765e-03
2.830945629022465701e-03
-5.020803166825090966e-03
-2.177441620539533832e-03
7.130452650737694430e-03
-5.018024364587999817e-03
4.005293385059750951e-04
2.770159972796936224e-03
-5.017047523267003685e-03
5.044597055431901313e-04
7.212481814712035436e-03
-5.011924521700019189e-03
3.785638100274328795e-03
8.787289718324179863e-03
-5.009950584971747251e-03
-3.787086164012700394e-03
8.785890588782036340e-03
-5.011648811723038235e-03
3.785994842090008392e-03
1.214024886541086165e-03
-5.010878198623412716e-03
-3.794122870193750857e-03
1.206783766843898612e-03
4.830954627161241494e-03
1.002344461213562632e-03
8.523280861274566689e-03
4.826568632991681471e-03
9.866828569933660392e-04
1.456801936216719140e-03
4.828668167919803432e-03
-3.523872246668557050e-03
5.817669734533141047e-03
4.825646996410941879e-03
3.595842973708841556e-03
5.821510276778675726e-03
4.819430857963481925e-03
-3.519398595657773944e-03
2.598590494362874870e-03
4.829365953969133249e-03
-2.545216914649343128e-03
8.639421756169616065e-03
4.821991459315340400e-03
3.623089914091397971e-03
2.477866544234579287e-03
4.824461837282931730e-03
3.595359193370336031e-03
4.151674514856901199e-03
4.827319640053713209e-03
2.135588464861511594e-03
4.991358616216214766e-03
4.829257145134129535e-03
2.011753906891886046e-03
6.915835498748686833e-03
4.828251921181380725e-03
6.760870048605716011e-04
5.834327760230691162e-03
4.826955368277513481e-03
6.478599653269119171e-04
4.201897925321426697e-03
4.828984973346291294e-03
-7.562111001237393918e-04
5.002734574211307843e-03
4.826308151469256048e-03
-7.944861896267783191e-04
3.377009221737339688e-03
4.833701254538414795e-03
-7.823590166595091079e-04
6.676700506919638900e-03
4.826386598645061692e-03
-2.298817342239866095e-03
4.187168901728753959e-03
4.827892755940379164e-03
1.991116949324569282e-03
3.057829262958179292e-03
4.832292434226984415e-03
-7.954444507664992911e-04
8.341813671038337749e-03
4.832440952270526668e-03
2.545339360611559472e-03
8.598681738768088750e-03
4.822796657973010132e-03
-7.870145735017265200e-04
1.656124555572701046e-03
4.829137098939610684e-03
3.664369090524413272e-03
7.502324307916153831e-03
4.820193505655860459e-03
2.539698207238856240e-03
1.347416244374291571e-03
4.830498991497585333e-03
-3.663932197829625464e-03
7.547026637188589300e-03
4.814984917945351259e-03
-2.467212356555096523e-03
1.353918067328788340e-03
4.832432233161911006e-03
-1.886577549585253134e-03
5.786328180857848967e-03
4.824082999010203925e-03
-3.886449387048733495e-03
4.183158707119061410e-03
4.821960000216839702e-03
-1.973417504393208937e-03
2.634336268741636726e-03
4.833932906327807061e-03
-2.199747180336613858e-03
7.135186009892758446e-03
4.827324002904974896e-03
4.086386232707712161e-04
2.749619911242580979e-03
4.830541446020968251e-03
5.073780275581501586e-04
7.223725948177655599e-03
4.831670974413952019e-03
3.813673244167940270e-03
8.807950038123586040e-03
4.827763864755326047e-03
-3.813760168263353578e-03
8.808976372981849878e-03
4.819778979217668145e-03
-3.815292905604394068e-03
1.180450650960549342e-03
4.820761058764492200e-03
3.817305133098747739e-03
1.178884405978828948e-03
3.413833694678854603e-03
-5.044069982582032215e-03
5.825896205634094500e-03
-3.523327065381216643e-03
-5.028978058370687544e-03
5.818586643291044289e-03
8.664577408740324269e-04
-5.044364035441395444e-03
1.464753861578845873e-03
8.891769792441692449e-04
-5.040201268180494534e-03
8.526113237519488547e-03
-2.588179945587646726e-03
-5.035785889965365379e-03
1.333590537525776876e-03
-2.568897933925261452e-03
-5.033953193638622363e-03
8.636442911520426230e-03
3.436043504207154497e-03
-5.045821259267804955e-03
2.480474041984169487e-03
3.412964960136356373e-03
-5.045233006307207023e-03
4.155697016413348842e-03
1.993412876675439670e-03
-5.042991465075150406e-03
4.997391683731602918e-03
1.872194394403895162e-03
-5.043162400170157766e-03
6.919607874319090579e-03
5.723596200175099218e-04
-5.040048907868720403e-03
5.841172267504115591e-03
5.435718927557274885e-04
-5.042105279195787867e-03
4.210492529963908402e-03
-8.224303072603922305e-04
-5.040474004388101510e-03
5.010258861211223068e-03
-8.473646295906973663e-04
-5.036947837569366246e-03
6.681751648305141872e-03
-8.583291820100990644e-04
-5.040259907486757673e-03
3.387096454205689149e-03
-2.212214101382602074e-03
-5.037969136877771918e-03
4.402193416082163940e-03
-8.728368617531794384e-04
-5.038808351773457241e-03
1.663586145512091410e-03
1.850058756159345553e-03
-5.043606084230400390e-03
3.064575983140455269e-03
-8.634842678497356384e-04
-5.035516373037276713e-03
8.344082949521755554e-03
2.391705581983857853e-03
-5.042089544628898003e-03
8.602436057865970459e-03
3.482483437418241578e-03
-5.042984297017215865e-03
7.506060016800089260e-03
-3.661045356360431973e-03
-5.026038950026415209e-03
7.537813462081161507e-03
2.375644623707468591e-03
-5.046093678458847889e-03
1.354852658280699187e-03
-3.717865544477401852e-03
-5.026772816915074313e-03
2.407682462042999311e-03
-1.901608984182752383e-03
-5.037602417903272282e-03
5.833076697172595235e-03
-3.678789577586500346e-03
-5.025454128053437157e-03
4.059352856417504200e-03
-2.221108852012178107e-03
-5.037225829327559960e-03
2.820135850355329644e-03
-2.226748651012808514e-03
-5.035700745341225963e-03
7.142973315468337595e-03
4.084084892692524155e-04
-5.037846144046308205e-03
7.229207997147807548e-03
3.074529035427669694e-04
-5.041619314884835008e-03
2.758783425362233178e-03
3.627944899133750227e-03
-5.043900807814023605e-03
8.810975893986300322e-03
3.618890749903880787e-03
-5.045249444024820298e-03
1.182952087456332676e-03
-3.804756225764636436e-03
-5.023317929794237496e-03
8.794151804825789398e-03
-3.816453338014861793e-03
-5.024512204082895624e-03
1.198630140559053337e-03
3.413829505269352568e-03
5.045064938467918106e-03
5.822959798077575327e-03
-3.520820089950623365e-03
5.026731629645487219e-03
5.817927720350834185e-03
8.689326524146142976e-04
5.041328766472936637e-03
1.463273998668677229e-03
8.868332911116820266e-04
5.041220130789486782e-03
8.525920877301923148e-03
-2.589831652496662074e-03
5.035995328905821557e-03
1.333567487752456608e-03
-2.570788841299381788e-03
5.034630908112172273e-03
8.633043979069643034e-03
3.433596913434730329e-03
5.045145885999783100e-03
2.480218977642055598e-03
3.412306527912463677e-03
5.044811383557266417e-03
4.155056331917064867e-03
1.989713404804925416e-03
5.042924794877313120e-03
4.995765597792602847e-03
1.871751587640270486e-03
5.043044624475145205e-03
6.919291503519727805e-03
5.717466158926417207e-04
5.043791350302391854e-03
5.840214019619576619e-03
5.465431907811181458e-04
5.041875332387936968e-03
4.206195177848882569e-03
-8.190235033369273627e-04
5.041438794266875877e-03
5.006479685726978983e-03
-8.465355637530062307e-04
5.038820324009385572e-03
6.679093552112949639e-03
-8.575894605607053143e-04
5.041438719518866012e-03
3.386662436492492677e-03
-2.214299569078154260e-03
5.038042732137005056e-03
4.399660361539357162e-03
-8.728373882500730470e-04
5.039631490099397843e-03
1.661281373871072685e-03
1.853390333982293543e-03
5.043137060433459939e-03
3.060492156695256323e-03
-8.641816437391074829e-04
5.037670400597182331e-03
8.342917244930499535e-03
2.392785164460814028e-03
5.042844622758310517e-03
8.599824445693382211e-03
3.484619164264690823e-03
5.043912542883862218e-03
7.503307370884321377e-03
-3.662386147797395530e-03
5.025246153028361390e-03
7.537251325778224730e-03
2.376623922503069610e-03
5.044309478327165495e-03
1.349917775556506777e-03
-3.715912441090253766e-03
5.026634879014497785e-03
2.409605208051139678e-03
-1.898483609648559138e-03
5.038219277679698710e-03
5.829614379304964497e-03
-3.677963527173395454e-03
5.025402898483728384e-03
4.055765270435844096e-03
-2.216808922508108331e-03
5.037843217873304649e-03
2.818447770449026592e-03
-2.225674289638199677e-03
5.038275767496941913e-03
7.139643123418288814e-03
4.066760979876210763e-04
5.040782562058509705e-03
7.227959036217010240e-03
3.072775795158550144e-04
5.041330599389748889e-03
2.755655430004685588e-03
3.630018310052455111e-03
5.043324996820283505e-03
8.807590909958301975e-03
3.617753334230157901e-03
5.045051359099969428e-03
1.181316781861682782e-03
-3.810014572930600120e-03
5.023854610175247475e-03
8.795055356517353373e-03
-3.817061033131668914e-03
5.024515673481425374e-03
1.197884250702576725e-03
6.900716575273285920e-04
3.354208395734147724e-03
-4.375955315599389561e-05
6.679625464828103107e-04
-3.443815829398946468e-03
-4.375263018627649123e-05
-3.595295254745138700e-03
8.213491426339391372e-04
-2.656320352518625326e-05
3.356240571507699156e-03
8.305790682888106050e-04
-4.697323770642495693e-05
-3.626245409762730854e-03
-2.445111848207883517e-03
-2.642652236247557148e-05
3.328430981713087836e-03
-2.399610057046983828e-03
-4.973335809902752210e-05
-2.600628447149455277e-03
3.593700264632645677e-03
-3.367246948151641275e-05
-3.596950801903981820e-03
-8.278635999259665148e-04
-2.905811823434906435e-05
-2.167943881051890165e-03
-2.611766374647229650e-06
-3.866079745423484787e-05
-2.033245251629682733e-03
1.926878516020757732e-03
-3.922328244606106709e-05
-7.467622201593474484e-04
8.387402694612748361e-04
-4.177935339619001838e-05
-7.443108829998585415e-04
-8.400621194579046495e-04
-4.218352398489700196e-05
6.444028400624797308e-04
-1.195790066925199071e-07
-4.595533777545747549e-05
6.706064173382999009e-04
1.681291088134774774e-03
-4.465005063546035756e-05
6.418385659689305111e-04
-1.650561489493889908e-03
-4.454321182664369949e-05
2.127283833061709671e-03
-8.203233786180348999e-04
-4.815701588529721434e-05
-7.786580736152648148e-04
-2.480568761936770457e-03
-3.899172751574336089e-05
3.448548430146643629e-03
2.576407565475963973e-03
-4.900492747609951619e-05
-1.060232950657608334e-03
3.533815149725335909e-03
-4.021583244762610396e-05
-2.179165698032382165e-03
-1.659299867381291288e-03
-3.755034581145903565e-05
-2.343673597611175066e-03
-3.481793551000699882e-03
-3.797120189043015447e-05
2.365790725736703366e-03
3.670696577934253607e-03
-4.862539735238034495e-05
2.350065758145332678e-03
-3.661993720303415977e-03
-4.645690582725383959e-05
-3.660122718049452391e-03
2.498230463837075675e-03
-2.653306485696912143e-05
1.747073899454909887e-03
7.909835651143237029e-04
-4.639441327808151264e-05
3.688489736558541246e-03
-8.149094527955593479e-04
-4.849478150278474075e-05
1.823442551167695023e-03
-2.396226527429495910e-03
-4.607552105636878939e-05
2.047482988253076803e-03
2.150813220801426305e-03
-4.626982740229773850e-05
-8.823953110160932074e-04
-3.905458794996577356e-03
-3.924070430648801249e-05
-5.621662377063639353e-04
2.238593070018246069e-03
-4.238614149677809079e-05
3.615562142424522812e-03
3.814379298024507103e-03
-4.804020800153838443e-05
-3.806952741758596118e-03
-3.795997789397644647e-03
-2.340465022175725708e-05
-3.806561040414528467e-03
3.794021432718167573e-03
-2.328986536082429192e-05
3.616369519358763381e-03
-3.817417799242237529e-03
-4.810681079544201928e-05
-3.596363571536249741e-03
8.246360190298227585e-04
1.002900631682605154e-02
6.978939989881208445e-04
3.351701768493497036e-03
1.003861594222246918e-02
6.751958738535537158e-04
-3.436581722495779968e-03
1.003669208338387082e-02
3.368156975270782724e-03
8.325976227326186427e-04
1.004103838810076199e-02
-3.627340232665004615e-03
-2.445786886152223789e-03
1.002854226782895659e-02
3.344939717840939367e-03
-2.396887755092876569e-03
1.004118013415611181e-02
-2.599662365787766376e-03
3.592357619149249680e-03
1.003244227128734928e-02
-3.599236892973583981e-03
-8.277964376064736278e-04
1.003055389299341987e-02
-2.169459913031183962e-03
-1.309425270783927392e-06
1.003549374413864950e-02
-2.033391130925010695e-03
1.927396485568355113e-03
1.003449272312788992e-02
-7.443962193777994884e-04
8.392067623518144901e-04
1.003722061347650692e-02
-7.453084690234579573e-04
-8.390240458651915907e-04
1.003630332434586082e-02
6.490313446733695984e-04
2.567307155997271096e-08
1.003683310742523385e-02
6.769163727918797854e-04
1.680379614284471454e-03
1.003788958308656810e-02
6.489921857402659779e-04
-1.647384047585424751e-03
1.003672256575477428e-02
2.141509765152114619e-03
-8.172905685580245843e-04
1.004074241739126051e-02
-7.788196824657049730e-04
-2.475167872542086665e-03
1.003630090318292055e-02
3.461229164113851543e-03
2.578584749113710384e-03
1.003893511094080572e-02
-1.056739767150979793e-03
3.529705224919367154e-03
1.003591699857661786e-02
-2.182179986040036317e-03
-1.656620714626221838e-03
1.003730272659250113e-02
-2.339885706897280610e-03
-3.477730913115188553e-03
1.003401021507708060e-02
2.375434161634648426e-03
3.669659902200344409e-03
1.003933933388523672e-02
2.361335726416461701e-03
-3.655380159341484192e-03
1.004201933188239235e-02
-3.663360804774451560e-03
2.500336378554148670e-03
1.002559772163811973e-02
1.755652652593772331e-03
7.908322043382703644e-04
1.003856833607970518e-02
3.704017864045086334e-03
-8.125243178858414716e-04
1.004120461138272198e-02
1.836045577964287015e-03
-2.391194678188872814e-03
1.004130196041369202e-02
2.057972124527675858e-03
2.150064671583440477e-03
1.003916971071075123e-02
-8.765937718287857266e-04
-3.901517985321560199e-03
1.003723005247136695e-02
-5.576208037250517807e-04
2.236495367998627901e-03
1.003678497123335241e-02
3.629432922106462511e-03
3.814660015074374140e-03
1.003804354272539584e-02
-3.806046456830251140e-03
-3.794824201785406553e-03
1.002511574673459541e-02
-3.806029639814930907e-03
3.795367962266382039e-03
1.002291708807564324e-02
3.629015328128939576e-03
-3.813971700846670830e-03
1.004084113371076295e-02
-3.536986099785218492e-03
-3.919501613017612948e-03
4.840205222338132482e-03
-8.005169681161556597e-05
6.652909715626147937e-08
5.000521786179949225e-03
-1.822361113360813781e-03
-1.778433275443285421e-03
6.115232224725917522e-03
-2.551355862039222933e-03
-2.523699805487458325e-03
2.494325486447733584e-03
1.733468021182025046e-03
-1.829017335492508396e-03
3.122243730990345752e-03
1.733115788957949885e-03
-1.829847880278227595e-03
6.878006119100213943e-03
1.063738754903698200e-03
2.055095747044698943e-03
3.003073161338036014e-03
-1.633039081887608648e-03
2.077388745326011303e-03
6.594537443538680752e-03
1.482387944716861321e-03
1.570375391052697108e-03
7.089864904116421028e-03
-2.075683053403778837e-03
1.182709971972391349e-03
2.978905923793689122e-03
2.457045861434435652e-03
1.885411609182472835e-04
5.029567516724978322e-03
-4.017429718042056465e-04
-2.645709408956125903e-03
4.188104328957722826e-03
-2.424343872914574256e-04
-3.695549671461327308e-04
7.552247211382087828e-03
-4.356072802992791947e-04
-7.028193585388638892e-04
2.504714618139311771e-03
2.513175486604140967e-03
2.902644252629618736e-04
2.209739229340496307e-03
-2.643861232206636252e-03
4.315849754943071510e-05
7.584265035846698630e-03
-2.802793578054287200e-03
1.708397437226573748e-04
5.060052309374695780e-03
-2.953538402350910203e-04
-2.775591589808670649e-03
7.658152519212443540e-03
7.587510932944317775e-05
2.795623482418587834e-03
5.077780768646990295e-03
2.457622437060370119e-03
2.640519294034777888e-03
5.122267762908748120e-03
-2.889723286408147924e-03
-2.864805626232657960e-03
7.852765342083272565e-03
-2.982437128039029575e-03
-2.538747102630484892e-03
4.552976546642486730e-03
1.634613745006549871e-04
-2.934570745514094529e-03
2.060934551497615747e-03
-6.911344196395076184e-05
2.945196787944870994e-03
7.944744399832162282e-03
2.834421098331243484e-03
-1.974090353325731913e-03
5.000287765346592486e-03
-2.980361879158396638e-03
2.982022648684935166e-03
2.057306890658215214e-03
2.800878652149213673e-03
2.964169723466765233e-03
2.035752379465429612e-03
-2.783258279818775615e-03
2.733790797439706113e-03
4.631036603319342235e-03
2.792433468143000041e-03
-9.237989563960591441e-05
7.845770001230224430e-03
-8.080910422952231357e-04
2.785639530401036370e-03
2.113939856130034062e-03
2.846928701579264608e-03
3.008514387853736868e-03
7.953794591582631981e-03
-3.013102675362439725e-03
2.999545464071321031e-03
7.972426442898581864e-03
2.921267287444191240e-03
-3.074465358410914846e-03
8.065070947068925591e-03
-2.955625457072515606e-03
-4.847218712124602702e-04
1.980810295222974922e-03
1.194649446806477118e-03
-3.129424741751295810e-03
5.359284884716129099e-03
2.911819911106706092e-03
-3.077345622359121697e-03
1.912856174485053464e-03
-1.679438174199340394e-03
-1.119197580656683920e-03
4.016419743934547884e-03
1.085961586325980260e-03
-2.501086416862421854e-05
3.459645941179929473e-03
1.259823924430936886e-04
9.750075160529700618e-04
1.689663276414340521e-03
6.881531946731514829e-05
-1.685317411240339720e-03
5.955402527914541340e-03
-1.220897074771917692e-03
1.127145398407394502e-03
8.206635790053469146e-03
1.175728090551038689e-03
-8.620814563620605563e-04
1.592694275524180261e-03
3.081084329789035917e-03
1.467654838238301130e-03
3.675058900324660455e-03
-1.365048059237887815e-03
1.426941410848914281e-03
4.775260887672247261e-03
-1.651782113012984464e-03
-1.465942829572857917e-03
8.201637978837853990e-03
-8.849668511642438474e-04
-3.362923926361384604e-03
5.844839061244181712e-03
3.171162040959186502e-03
1.365922379312220188e-03
6.333561459963804596e-03
1.157138256462020721e-03
-1.279332918823904597e-04
6.371910573442431287e-03
-2.649231175753002585e-03
-3.399846178217193378e-03
6.126921860052775108e-03
-1.387814843624549576e-03
2.709981317981865101e-04
6.260487072087171645e-03
3.071976610225408098e-03
-7.370587884385293789e-04
3.597292880332985093e-03
1.096496455640259653e-03
3.369884379000160756e-03
6.542405123512622274e-03
1.104901854143005386e-03
1.333455083464002737e-03
4.688183518558809888e-03
-3.384960085828131720e-03
1.297538344319249318e-03
6.422647678460919468e-03
2.335812636225557092e-03
-3.429860629733998308e-03
3.909978973527472763e-03
-3.576211376136954195e-03
-3.458702957179126021e-03
3.345414658621912764e-03
-1.214464158164119990e-03
3.277610924423408293e-03
3.859833918558595520e-03
-3.382924446264654397e-03
-1.433430114794620501e-03
6.882128390915982254e-03
1.277253846344609091e-03
-2.639791568444074202e-03
8.381883560173900016e-03
6.569316457678563191e-04
8.394457117267250515e-04
8.472906662897459681e-03
1.135701568425936774e-03
-8.704263762873852475e-04
8.517916286491537467e-03
3.127015180305418082e-03
-1.299760991136103593e-03
1.602435305387433151e-03
2.774223351021915234e-03
-3.358892972993066800e-03
6.237115231645292898e-03
1.266668272728808378e-03
-1.252917307227184541e-03
4.739594593138870236e-03
-3.083085871465424552e-06
1.365236097367049026e-03
6.161701512625347883e-03
-2.692403839882814235e-03
3.483642588780757558e-03
6.267772064556732803e-03
-3.379062375149120487e-03
-9.774204025863322213e-04
3.887941214786625778e-03
-3.068130976705510816e-04
1.040962115068618573e-03
3.415442206137204399e-03
