-5.025727071008850508e-03
-5.016217841026200837e-03
1.001565682429554627e-02
-5.026671625212969854e-03
-5.018343157334495021e-03
-1.714948416187300246e-05
-5.028308543052977149e-03
5.016702069346226298e-03
1.001751886396381325e-02
-5.027908424645523809e-03
5.016932233743233091e-03
-1.742257125672281364e-05
4.660325109362048815e-03
-5.088260325468458439e-03
1.007723524036402418e-02
4.634350495902750042e-03
-5.095006242063685083e-03
-9.720456211348992329e-05
4.649440409793898811e-03
5.093601497582304037e-03
1.007841708076899143e-02
4.631727107184594946e-03
5.089644357446449982e-03
-1.050231038068357407e-04
-5.035991366127788756e-03
-5.023735590707742796e-03
1.661015512317868745e-03
-5.028736715147929387e-03
-5.025318700009342998e-03
3.326598139614627640e-03
-5.040352435683604325e-03
-5.028074480653470582e-03
4.999052700944793017e-03
-5.037568413659471341e-03
-5.027121894951414038e-03
6.669348777431195231e-03
-5.030816145475422961e-03
-5.022092627087589023e-03
8.342837533427913468e-03
-5.033880789817330587e-03
-3.342101687476546276e-03
1.002341540241360497e-02
-5.044653985063350839e-03
-1.671895448391265155e-03
1.002808995160227486e-02
-5.043098580867598144e-03
3.352566849598368441e-06
1.002774463919817345e-02
-5.035416992197566319e-03
1.670588149039893035e-03
1.002578507777382270e-02
-5.035288879548842356e-03
3.342459715534070244e-03
1.002443299326795552e-02
-5.031582667750035542e-03
5.021664017138115048e-03
1.658954001992818915e-03
-5.039595943748240159e-03
5.027283555169159354e-03
3.330094697369427852e-03
-5.036025184634846871e-03
5.027739929411825098e-03
5.002491994656182474e-03
-5.033027943736850633e-03
5.025363272731818605e-03
6.669027176302251558e-03
-5.031293879969939847e-03
5.021353509253039145e-03
8.338619235501351298e-03
-5.032790417089126785e-03
-3.342919600000261032e-03
-2.206384036546234974e-05
-5.042218488296105160e-03
-1.669507390987672773e-03
-2.667060553297430497e-05
-5.045788991794840535e-03
1.717473362800974266e-06
-2.794998574430958293e-05
-5.030870945472242818e-03
1.669611232946998812e-03
-2.499344758554495092e-05
-5.032329243189656229e-03
3.340519750507439743e-03
-2.342799943478779257e-05
4.646609471762039485e-03
-5.089808083231688388e-03
1.593512390222437966e-03
4.640266837823707642e-03
-5.096365489934066677e-03
3.291323617288318196e-03
4.658006609023560875e-03
-5.083915308837777015e-03
4.992426572585129813e-03
4.649994469552158616e-03
-5.094028755820274000e-03
6.688581455361646694e-03
4.659909311256575475e-03
-5.088477793296039206e-03
8.384427982733713702e-03
4.654345501442600820e-03
-3.393490830431724562e-03
1.008361322505506828e-02
4.665551282276777026e-03
-1.696662542958116875e-03
1.007979310712436155e-02
4.669100954292154659e-03
3.985826609799462185e-06
1.007544299100889169e-02
4.663942602398482573e-03
1.703579136219128196e-03
1.007605767625161138e-02
4.659205378259866602e-03
3.397410328737048880e-03
1.008173592084406212e-02
4.638881517753081808e-03
5.092045743462578732e-03
1.594519188595809080e-03
4.651695864537845788e-03
5.087521973539963285e-03
3.290299345285190198e-03
4.647391382698175082e-03
5.093177413795025969e-03
4.988585026239816117e-03
4.655989300926430610e-03
5.089294898305216086e-03
6.683727836377387904e-03
4.666004081686320540e-03
5.086391118551246947e-03
8.381427528540498148e-03
4.635121386894777359e-03
-3.397242037629605131e-03
-9.705279880711815412e-05
4.634183861286964544e-03
-1.701362797675110092e-03
-1.047225885688154073e-04
4.632637238140557834e-03
-2.760877603626997369e-06
-1.091822093873389690e-04
4.629976354547034149e-03
1.699008346423913759e-03
-1.118513551665768909e-04
4.624529658671883148e-03
3.396381282904724786e-03
-1.143755405056440689e-04
-3.418720696557756011e-03
-5.061565068638558887e-03
-5.290857806988571039e-05
-1.798768143374894274e-03
-5.073645403989106815e-03
-7.363720360548414343e-05
-1.897789392614921897e-04
-5.087137400251524888e-03
-8.035680960182775860e-05
1.414645093395681778e-03
-5.093300603309727954e-03
-8.793983301880675197e-05
3.023335848318129977e-03
-5.096276311282828785e-03
-9.191550873453926691e-05
-3.408123834778747745e-03
-5.055043829928343446e-03
1.005852482674302918e-02
-1.790077653285201487e-03
-5.063328297435204690e-03
1.007599238634524809e-02
-1.706962656369522609e-04
-5.073129189325492790e-03
1.007928423652632889e-02
1.434979124111625997e-03
-5.077902749854683144e-03
1.008326030068219283e-02
3.044350141572331470e-03
-5.085879244072887516e-03
1.008072091439657716e-02
-3.418126162320739812e-03
5.057250696152117836e-03
-5.485676192245514577e-05
-1.804261084922678627e-03
5.080068117011337335e-03
-7.570149138452742735e-05
-1.890968156693023986e-04
5.084842730369250330e-03
-8.405591900904169859e-05
1.412932607741017007e-03
5.088518774685552894e-03
-9.391224733398920469e-05
3.025498805741758199e-03
5.090563388383912043e-03
-9.920620444431683461e-05
-3.409549313725408932e-03
5.057269515738341444e-03
1.005345368810382257e-02
-1.794801625805095410e-03
5.071948901021068254e-03
1.007112380426168456e-02
-1.754583516404363867e-04
5.074175867894241930e-03
1.007741683647540853e-02
1.438106685351667104e-03
5.084923541786614577e-03
1.007917641798952713e-02
3.046663916179249022e-03
5.087649841353868163e-03
1.007493643121984070e-02
-5.035314590228602907e-03
-3.509247278676821263e-03
5.815944458559301616e-03
-5.025495204704988686e-03
9.969576014227192733e-04
8.516240356410124945e-03
-5.028815553107124185e-03
9.807810514116921917e-04
1.474910206532710055e-03
-5.039497364346289671e-03
3.580684247751928558e-03
5.822804455266386223e-03
-5.026613410168439232e-03
-2.543825949301816401e-03
1.341691635220514534e-03
-5.031553831464412319e-03
-2.532148385999434363e-03
8.628305350851732392e-03
-5.038011245795244626e-03
3.606326463800066037e-03
2.498506398208409987e-03
-5.033937116855807629e-03
3.584124976335934572e-03
4.165437227355506082e-03
-5.039025055047993869e-03
2.120929496222837690e-03
4.998465725552857924e-03
-5.040814192698272501e-03
1.995779073741871593e-03
6.910084755362051051e-03
-5.047820184505169561e-03
6.732127830683621791e-04
5.835842127197895385e-03
-5.033884248918614641e-03
6.422871860880206016e-04
4.211736660824175540e-03
-5.034472360061180429e-03
-7.540389067637882480e-04
5.004814305480323987e-03
-5.037011914688958349e-03
-7.748315707394253611e-04
6.671334861646424468e-03
-5.043536036768317930e-03
-7.883388512804373905e-04
3.399070387702996139e-03
-5.040430200112048717e-03
-2.168871978372997802e-03
4.402185234756024815e-03
-5.044420696872997656e-03
1.984139554934516523e-03
3.073419456108139082e-03
-5.042046892232272121e-03
-8.015609705883962105e-04
1.671700378072229695e-03
-5.031510005584982452e-03
-7.899574495316243668e-04
8.335947157402568211e-03
-5.037551725543339305e-03
2.529067516466086338e-03
8.588550735360958241e-03
-5.034267977575212008e-03
3.646358589104744738e-03
7.492842440922379763e-03
-5.037270047182998770e-03
2.520038639646369344e-03
1.369977850856804805e-03
-5.030995016729850923e-03
-3.646288514640546891e-03
7.534108460085591451e-03
-5.030951084229150216e-03
-3.697279170978980904e-03
2.410669577820453643e-03
-5.028596227759162852e-03
-1.855527448210138970e-03
5.824083440410941087e-03
-5.040713081723523399e-03
-3.665681100800238443e-03
4.057124405030850499e-03
-5.035478927961370421e-03
-2.171138157541317205e-03
2.829972784554652624e-03
-5.041284776782915811e-03
-2.178761964810962872e-03
7.133828790452710275e-03
-5.035908256750918667e-03
3.990830327225705306e-04
2.765464831110424435e-03
-5.033841433955967351e-03
5.068355028124386799e-04
7.214928523413999435e-03
-5.023822970446148624e-03
3.791181910694959353e-03
8.794460452603361511e-03
-5.019895895600012467e-03
-3.794010756322382331e-03
8.791682649320094536e-03
-5.023395281205858889e-03
3.791947195108882548e-03
1.208178765251949338e-03
-5.021873519200747982e-03
-3.800185423182909916e-03
1.201679566302510946e-03
4.667454632751634643e-03
1.013626589306197484e-03
8.547383336391092476e-03
4.657915151876208977e-03
9.953402610193538575e-04
1.418594875799008203e-03
4.662468472785384101e-03
-3.555595266917345801e-03
5.819276349114903615e-03
4.656635167397670493e-03
3.627541159397657585e-03
5.821993538836306437e-03
4.643900109993930048e-03
-3.551705129971510604e-03
2.572184964889866286e-03
4.664201655014004605e-03
-2.567362222735805177e-03
8.665611678529418563e-03
4.648895314150086264e-03
3.657034167376492853e-03
2.447721525786407826e-03
4.654144360256143309e-03
3.627563996202301522e-03
4.136339400478798722e-03
4.659927918858699537e-03
2.155097738432816112e-03
4.983718036099526842e-03
4.663866396685372069e-03
2.030450087849843769e-03
6.925623742299428197e-03
4.661863619140123316e-03
6.821358769972921164e-04
5.834576321038903966e-03
4.659206820242509269e-03
6.537070720906148439e-04
4.187744757130234564e-03
4.663235562187026048e-03
-7.634045736223818782e-04
4.996390986738809444e-03
4.657776921514528504e-03
-8.019816099722071887e-04
3.354933726303408522e-03
4.672711539690739546e-03
-7.907244952160067926e-04
6.685289920250241102e-03
4.657961358237917154e-03
-2.319587656114860483e-03
4.174269001212514013e-03
4.660743528543427085e-03
2.009186512059099594e-03
3.033607494490568081e-03
4.670056614091542928e-03
-8.018918353930203817e-04
8.365423617797101974e-03
4.670131795150026660e-03
2.568576542939236037e-03
8.623247903630408898e-03
4.650485113754299592e-03
-7.950579793456627811e-04
1.619255778902718365e-03
4.663461420639744212e-03
3.696582553247943891e-03
7.517608958598365025e-03
4.645191283047055315e-03
2.564343895791944706e-03
1.306777422540422859e-03
4.666231902673607587e-03
-3.696696918467304131e-03
7.563913737509947444e-03
4.634944482309295150e-03
-2.490428819773295079e-03
1.313836252224789532e-03
4.670007514060894871e-03
-1.904101243491283834e-03
5.787540128389332024e-03
4.653314714042050722e-03
-3.921737643188471893e-03
4.171278817894068063e-03
4.649039403175537002e-03
-1.991836848232294167e-03
2.606642660383408708e-03
4.673110547554999890e-03
-2.220383078969092802e-03
7.148246938909157480e-03
4.659693064385317732e-03
4.122568658445654836e-04
2.722178470992649840e-03
4.666535134694463349e-03
5.127127636760889662e-04
7.236331769868183453e-03
4.668516954205940983e-03
3.847194795652939328e-03
8.834822352919715141e-03
4.660885163340506947e-03
-3.847375901082561098e-03
8.836770026932469144e-03
4.644203476539866988e-03
-3.850521088092638197e-03
1.139956539778536233e-03
4.646083419868989040e-03
3.854543632410781066e-03
1.136779997361802175e-03
3.268000094263411818e-03
-5.087777311454392583e-03
5.830958425908493170e-03
-3.554411094731580595e-03
-5.057528362365869452e-03
5.822106597302550805e-03
7.572181286165748960e-04
-5.088441478741877709e-03
1.435404226829707511e-03
7.900345122617277250e-04
-5.079875171352775040e-03
8.553595583684967321e-03
-2.634995925973617880e-03
-5.071345412638093506e-03
1.311459763831228365e-03
-2.614034504089353481e-03
-5.067390452827905123e-03
8.660520299339355063e-03
3.286968919222538719e-03
-5.091377922839353774e-03
2.453273305520259004e-03
3.267010532514112546e-03
-5.090125501460663823e-03
4.144700675527392998e-03
1.874103730493939003e-03
-5.085600868414749849e-03
4.996295318850745709e-03
1.754766665446355189e-03
-5.085794504063666059e-03
6.933606589243001758e-03
4.772158428778439272e-04
-5.079648270771762626e-03
5.848936098196763113e-03
4.475983430778564948e-04
-5.083797544137074950e-03
4.205700592344699916e-03
-8.942224835512869747e-04
-5.080536268052821339e-03
5.012324381125909771e-03
-9.190300338235566279e-04
-5.073430511664507939e-03
6.696160589351095316e-03
-9.301890437656211126e-04
-5.080201452023143209e-03
3.375166549711644884e-03
-2.259700875989406350e-03
-5.075493510544648590e-03
4.400396736167372716e-03
-9.484776970590533610e-04
-5.077333034154259996e-03
1.639284411215007325e-03
1.730192539576639417e-03
-5.086879406381892427e-03
3.047799872239098998e-03
-9.361991159408476065e-04
-5.070498134108454916e-03
8.370655105379782440e-03
2.265176972586913605e-03
-5.083736691940971691e-03
8.630985472246107543e-03
3.337374482073549205e-03
-5.085628173112376887e-03
7.525204853903638517e-03
-3.690839642561719123e-03
-5.051743759298493903e-03
7.546466737187946909e-03
2.239472660237914851e-03
-5.091901049755776995e-03
1.322369233566371861e-03
-3.748661565485506431e-03
-5.053330168213895912e-03
2.397491881353408516e-03
-1.956182255102652864e-03
-5.074727221074738608e-03
5.840990322780549582e-03
-3.709416480285392288e-03
-5.050503451788902753e-03
4.058780424951856369e-03
-2.274480933835713783e-03
-5.074038072760816802e-03
2.808498841592250300e-03
-2.276592347792789819e-03
-5.070878974931930343e-03
7.158680559707137139e-03
3.172162079656074560e-04
-5.075247927837942506e-03
7.247915755682117316e-03
2.149522683934596901e-04
-5.082884743780953681e-03
2.742410149925815065e-03
3.480390849659795519e-03
-5.087447186759254912e-03
8.840923901501505922e-03
3.461628627759217886e-03
-5.090271068050059022e-03
1.145303709973611228e-03
-3.829384285679884609e-03
-5.046383086400227889e-03
8.808125870777328698e-03
-3.844940055666378007e-03
-5.048901653472531899e-03
1.185403615379615775e-03
3.267971039928880238e-03
5.089754075178895380e-03
5.825174077263539987e-03
-3.549424760560929582e-03
5.053052612373447675e-03
5.820827490336830806e-03
7.621492218236035907e-04
5.082349867727286620e-03
1.432480947209955084e-03
7.854453091295144794e-04
5.081920325349196556e-03
8.553162826876931080e-03
-2.638253304213083236e-03
5.071692549514589254e-03
1.311476339584590270e-03
-2.617801273452308002e-03
5.068685060697235290e-03
8.653723415918671349e-03
3.282237422264257330e-03
5.089986257514843987e-03
2.452783774601771660e-03
3.265842400163990623e-03
5.089270045481472660e-03
4.143400696594159299e-03
1.866993186819256197e-03
5.085453758204567035e-03
4.992995025394709845e-03
1.753910234017910319e-03
5.085630913367646111e-03
6.932976403597614079e-03
4.761072591109695787e-04
5.087102838222930766e-03
5.847043992506740541e-03
4.534205274474469981e-04
5.083329306891913937e-03
4.197135020552349161e-03
-8.875265800507521402e-04
5.082406925330654364e-03
5.004818155785588710e-03
-9.173388728338120269e-04
5.077143018294089441e-03
6.690884743048437257e-03
-9.287220567116502307e-04
5.082494963770059319e-03
3.374360501402714346e-03
-2.263797682763279626e-03
5.075588665895996998e-03
4.395375818402868021e-03
-9.484077414476774128e-04
5.078989475061319175e-03
1.634755482149379555e-03
1.736701749825353283e-03
5.085929725421827093e-03
3.039606751401607420e-03
-9.375922481627740803e-04
5.074809266885907909e-03
8.368328225994304398e-03
2.267231850703423264e-03
5.085206425825466135e-03
8.625828332624181985e-03
3.341511775264378002e-03
5.087427990091109194e-03
7.519754546755951299e-03
-3.693401466973870399e-03
5.050137045393718847e-03
7.545312583729215337e-03
2.241397795812915573e-03
5.088351064730370008e-03
1.312506625086231867e-03
-3.744817255861532593e-03
5.053097179801530753e-03
2.401446838399582621e-03
-1.950008957880230900e-03
5.075922147688506463e-03
5.834106309900485843e-03
-3.707777665568777817e-03
5.050571914441455076e-03
4.051649142789943113e-03
-2.265999720959906236e-03
5.075323127258927862e-03
2.805105669627948155e-03
-2.274464099927733969e-03
5.075986521600523403e-03
7.152047559690124026e-03
3.138593626789832995e-04
5.081089262163968924e-03
7.245421497854433179e-03
2.146177304894212126e-04
5.082284020707278187e-03
2.736219070557106402e-03
3.484412983906502812e-03
5.086278185219471337e-03
8.834204997275475757e-03
3.459392925355750294e-03
5.089848063804431472e-03
1.141985326223208044e-03
-3.839722786858413336e-03
5.047388266443726332e-03
8.809857052997496080e-03
-3.846112103342822636e-03
5.048939019116528357e-03
1.184007423171313687e-03
5.851456448992114210e-04
3.382266695792064681e-03
-8.749481173263226879e-05
5.638632210535609321e-04
-3.474431574498770652e-03
-8.757363573506738244e-05
-3.626606043222133872e-03
8.226748519263205224e-04
-5.293853194772812193e-05
3.207156853995132492e-03
8.371453318268882006e-04
-9.445467954116505184e-05
-3.658484208928012085e-03
-2.454073424277359097e-03
-5.277427996973522057e-05
3.173557278226227241e-03
-2.423190549314631521e-03
-1.000237456096981429e-04
-2.646054394817939307e-03
3.617185325983018982e-03
-6.701398270063053584e-05
-3.629948016859274856e-03
-8.306364935649868889e-04
-5.784641542965310876e-05
-2.219392080609384338e-03
-4.224846784329329020e-06
-7.703597278320232220e-05
-2.087904175894318877e-03
1.938607371103245967e-03
-7.816181049246558065e-05
-8.222738445477319798e-04
8.444167211525559257e-04
-8.343664331827734383e-05
-8.174638710492168484e-04
-8.470569617788462373e-04
-8.425927453208144238e-05
5.467410948376211569e-04
-2.019038071594045008e-07
-9.200317086365463891e-05
5.691810497753741274e-04
1.695520751349107770e-03
-8.932389738035550206e-05
5.425821473338468407e-04
-1.664997320097020379e-03
-8.914779294555609133e-05
1.998522581927297120e-03
-8.285593505215835264e-04
-9.659434797331998928e-05
-8.542084230024023835e-04
-2.499993003655261257e-03
-7.790483508178171104e-05
3.293716013506837927e-03
2.599771354565340482e-03
-9.853610631468637693e-05
-1.135365750196020481e-03
3.563473400749883092e-03
-8.025514473049416022e-05
-2.230861886203170524e-03
-1.670467685340819601e-03
-7.485853602005636471e-05
-2.395932894872037072e-03
-3.505368996480333170e-03
-7.569054296184332133e-05
2.228517613172728909e-03
3.704302538301200952e-03
-9.755998153019402805e-05
2.214065299072083375e-03
-3.697846084871982998e-03
-9.322237966460683763e-05
-3.686479815260281043e-03
2.509377439930097261e-03
-5.283947647373498578e-05
1.627784448276937013e-03
7.979802826226721187e-04
-9.299293744316245065e-05
3.529871968416383940e-03
-8.238225731750076610e-04
-9.759584625529378968e-05
1.698615306240588985e-03
-2.419305514543309069e-03
-9.237177054431260125e-05
1.920755867315837541e-03
2.169543428968670820e-03
-9.275914141928528296e-05
-9.587964723340871393e-04
-3.935692679623051596e-03
-7.828561972480017732e-05
-6.439578515577083686e-04
2.257080122311380492e-03
-8.467015777859304791e-05
3.454835406615855854e-03
3.848646317779181279e-03
-9.664879047705332116e-05
-3.834079490120342534e-03
-3.811849623286135344e-03
-4.671150844874357810e-05
-3.833339088472589341e-03
3.807924170134732982e-03
-4.642030545754871965e-05
3.456475311428283421e-03
-3.854750262047709156e-03
-9.673627124952517752e-05
-3.628171949821212480e-03
8.291624551688879735e-04
1.005760381051824977e-02
6.015960100314320970e-04
3.377025112322432684e-03
1.007641285547946665e-02
5.792341968606233744e-04
-3.459788479174531316e-03
1.007262995111593215e-02
3.231802676101121468e-03
8.411032828129591955e-04
1.008088815128206119e-02
-3.660214259196767957e-03
-2.455306732725312698e-03
1.005668409792501161e-02
3.207342773740843277e-03
-2.417572330284039478e-03
1.008118987639100399e-02
-2.643536525394778614e-03
3.614266309934541666e-03
1.006434496031984385e-02
-3.633867419457283403e-03
-8.305110908616613252e-04
1.006065970658583282e-02
-2.221609576654797087e-03
-1.641802598666909272e-06
1.007034443930845610e-02
-2.087450947290968566e-03
1.939534494782282339e-03
1.006838267763605910e-02
-8.167042025138516277e-04
8.453071174312636092e-04
1.007367365010119163e-02
-8.184865965067234612e-04
-8.449636910281823829e-04
1.007185040380900558e-02
5.568920573128058890e-04
3.277594505292737068e-08
1.007280398936367949e-02
5.827171523671959659e-04
1.693549406991656662e-03
1.007491347925571976e-02
5.577316960631333509e-04
-1.658601022177940906e-03
1.007261135538027597e-02
2.027703725475039909e-03
-8.225248639687855528e-04
1.008041626193525823e-02
-8.535106797273019292e-04
-2.489084673317511036e-03
1.007189775934616907e-02
3.320034569296073310e-03
2.603915784531419912e-03
1.007673785811854725e-02
-1.127609925297027920e-03
3.554993959394009764e-03
1.007115335465933251e-02
-2.236047566972630424e-03
-1.665072796267891980e-03
1.007394288010114193e-02
-2.387748358672981807e-03
-3.497042098688583900e-03
1.006746696912576809e-02
2.248793825816269767e-03
3.701909579249259424e-03
1.007767130217456127e-02
2.237503725059473460e-03
-3.684416885831453582e-03
1.008296799552757007e-02
-3.692440454128646538e-03
2.513404021913228509e-03
1.005077637189905580e-02
1.645821778199526523e-03
7.975474846389894344e-04
1.007616455191119760e-02
3.561825567019664962e-03
-8.189971850140200741e-04
1.008118655818819598e-02
1.724578088126085687e-03
-2.409152564338690270e-03
1.008162486055733456e-02
1.942576749934198186e-03
2.167897648889551693e-03
1.007736683149206176e-02
-9.464088147351674973e-04
-3.927602881608873234e-03
1.007379276663986252e-02
-6.340676064632930903e-04
2.252725485734436740e-03
1.007281626429475281e-02
3.483424884313473732e-03
3.848996715222625410e-03
1.007498026512322446e-02
-3.831865139092487799e-03
-3.809299577596084608e-03
1.004994237426457514e-02
-3.831891685528802591e-03
3.810459555764585376e-03
1.004554036275388980e-02
3.482655843428246380e-03
-3.847663181205530913e-03
1.008053244084344477e-02
-3.568520038149754995e-03
-3.938665097204817160e-03
4.841398601737397986e-03
-1.567647279530832213e-04
1.492726486932506312e-07
5.000701531154429225e-03
-1.875225401344003933e-03
-1.788691364455056868e-03
6.123207277789468814e-03
-2.594872524510853824e-03
-2.540169386115743652e-03
2.477854273552942271e-03
1.621110948540466267e-03
-1.844926161162166066e-03
3.105051361543716137e-03
1.626562303133362612e-03
-1.844535923608263232e-03
6.892350408439855934e-03
9.613514374244394893e-04
2.073041554680772960e-03
2.983813773373669449e-03
-1.687585707506738652e-03
2.089541177132371585e-03
6.602789257942063075e-03
1.379050912379276451e-03
1.583606563708297912e-03
7.106088979822833100e-03
-2.126169617641370576e-03
1.190332421584036886e-03
2.965961038443935566e-03
2.334023931855471867e-03
1.900533774783690424e-04
5.026486417293439535e-03
-4.793279625307802182e-04
-2.666213404711282892e-03
4.182021700479122799e-03
-3.194995923074713516e-04
-3.720694304752445803e-04
7.572950413602620202e-03
-5.103121326104100280e-04
-7.075790454749918915e-04
2.483368813480981915e-03
2.385982231978846322e-03
2.935154335944640419e-04
2.181957560815398888e-03
-2.687482470523079852e-03
4.428538715367551963e-05
7.599200064943133735e-03
-2.839726772745514161e-03
1.716707726520122371e-04
5.059101682224751394e-03
-3.724448440330612028e-04
-2.793911344240132110e-03
7.678784793523057289e-03
-5.916628093492434859e-06
2.818008260041461339e-03
5.077263369967685222e-03
2.333142421131476768e-03
2.663836982285195613e-03
5.119874155811610095e-03
-2.929516107829252102e-03
-2.880320324689575589e-03
7.868217364793598373e-03
-3.018145803599365292e-03
-2.554214986508717127e-03
4.550953397925281210e-03
7.497602347960829442e-05
-2.957963438917821878e-03
2.037722248031568432e-03
-1.517796132377870189e-04
2.967077451762671798e-03
7.966942951665806349e-03
2.704882728189813602e-03
-1.991043175709236290e-03
4.997867764977571327e-03
-3.018235869848736198e-03
2.997853181929473199e-03
2.041904965643102140e-03
2.666388013060429912e-03
2.989156462166526595e-03
2.004982926179258058e-03
-2.823665415035756139e-03
2.749296069490838896e-03
4.628088213996667429e-03
2.668940661098867344e-03
-9.277381682037764011e-05
7.866637815969608830e-03
-8.825349045331469825e-04
2.806096683393705885e-03
2.090912285726323570e-03
2.716999659476012751e-03
3.035758571252661873e-03
7.975733358570909551e-03
-3.049442996784303399e-03
3.016753611323437240e-03
7.984587235819656792e-03
2.790706919151334908e-03
-3.100699627442091502e-03
8.088217231396792328e-03
-2.992662743109092589e-03
-4.874110741881102849e-04
1.962840557691448995e-03
1.091380480533218336e-03
-3.154595419686079781e-03
5.361124257084988812e-03
2.771365531417687225e-03
-3.106553045850864517e-03
1.882167180854482993e-03
-1.731548389665290340e-03
-1.126261653679058727e-03
4.009787480670812081e-03
9.868721537881607747e-04
-2.501220384050331836e-05
3.444928146965723324e-03
3.899797612502995330e-05
9.829509791780901857e-04
1.660266807048808944e-03
-1.192946140621679624e-05
-1.697494555866743823e-03
5.963369653753409529e-03
-1.283964239930910278e-03
1.134171194454053778e-03
8.229755955107857443e-03
1.071092551303877601e-03
-8.690786602713474873e-04
1.562145736313033575e-03
2.945345585782512161e-03
1.481217959993962746e-03
3.658413916500654565e-03
-1.421556495919220871e-03
1.436757836892209490e-03
4.772415455959302770e-03
-1.712775981338823285e-03
-1.474738054785601797e-03
8.223807640789747297e-03
-9.540717968488502711e-04
-3.386562142675133072e-03
5.852392704215909208e-03
3.035732741312463425e-03
1.377726208245782288e-03
6.340316617749689430e-03
1.059366991344293935e-03
-1.298669773957110169e-04
6.383259317961934194e-03
-2.691532992650157337e-03
-3.421330355352980752e-03
6.134674106069489680e-03
-1.445898362781906877e-03
2.729638554265287472e-04
6.269645266303529481e-03
2.937114431440170700e-03
-7.430868189580858152e-04
3.580877035207216154e-03
9.950661058930282497e-04
3.397437493584498040e-03
6.554260770612572139e-03
1.005885075957187787e-03
1.344820532780366742e-03
4.683912069288010370e-03
-3.417210440120899747e-03
1.304917737098027419e-03
6.426177358881918905e-03
2.211195068461153847e-03
-3.459479306476807153e-03
3.899432470570642767e-03
-3.605084521633485691e-03
-3.475166414695252982e-03
3.341931855021568979e-03
-1.278382276166037087e-03
3.302942579213492824e-03
3.851643853233116619e-03
-3.416959346992178275e-03
-1.439727132297254986e-03
6.890082939082832827e-03
1.176571876135155698e-03
-2.660309215039318408e-03
8.407075769025797868e-03
5.666872908302845145e-04
8.457928653096489623e-04
8.499120997163326502e-03
1.039418882071852478e-03
-8.767661627207103472e-04
8.545081103338857814e-03
2.983973562352211246e-03
-1.311483505658456953e-03
1.568287004222279667e-03
2.644481933743765643e-03
-3.387507363101176401e-03
6.245499386147830567e-03
1.164479281381002648e-03
-1.263736331326400239e-03
4.735703502985118794e-03
-8.174352373090844749e-05
1.375354586572597208e-03
6.170989550039953676e-03
-2.730070101345980025e-03
3.505898755453529074e-03
6.272428841100636220e-03
-3.408588071575952352e-03
-9.827296641978708596e-04
3.880944380068581528e-03
-3.825412375043272628e-04
1.048867475270917659e-03
3.400751333047073895e-03
