-5.006996682167285870e-03
-5.013605183034867616e-03
1.000846071680632811e-02
-5.008507314956320289e-03
-5.015662929606303985e-03
-9.362660810195353838e-06
-5.044844163553594864e-03
4.823857047188162203e-03
1.004076879017534382e-02
-5.048434312064174062e-03
4.816148807593350831e-03
-5.038894374611044773e-05
5.008394479462034525e-03
-5.013166488715447774e-03
1.000909554453777509e-02
5.008826227347068331e-03
-5.013459758748141197e-03
-8.827394480477641727e-06
5.043994195314172382e-03
4.823523936517463105e-03
1.004207956340265155e-02
5.048008796215618273e-03
4.811390646257148948e-03
-5.027944944172598027e-05
-5.012157250047549230e-03
-5.017468006927665661e-03
1.664298220419159523e-03
-5.012329076372829331e-03
-5.014813484901669075e-03
3.330727961373780403e-03
-5.012892413365802220e-03
-5.018487377184132313e-03
4.999877673750980148e-03
-5.013083799912007067e-03
-5.017128245688859053e-03
6.667732736951425231e-03
-5.010950718521007576e-03
-5.015333154022857259e-03
8.337471224975323905e-03
-5.025647312233575206e-03
-3.372421117201356271e-03
1.002955340363767545e-02
-5.033596836914659527e-03
-1.730629771895038794e-03
1.003784229292262707e-02
-5.036423996373899994e-03
-8.900406867895705636e-05
1.004246841880241346e-02
-5.041264631081343595e-03
1.546999940701944149e-03
1.004132317149502088e-02
-5.041634677951935609e-03
3.186169483854302958e-03
1.004103862390546241e-02
-5.050721969824020774e-03
4.813518524205067511e-03
1.631607020306327562e-03
-5.047063309782968445e-03
4.819554033828912093e-03
3.312938721865733068e-03
-5.049123707789127634e-03
4.822308296596944897e-03
4.996503813945527527e-03
-5.054068058967704953e-03
4.814888106238805754e-03
6.677662002802065011e-03
-5.049820533031531243e-03
4.821373537499352643e-03
8.360317622246865935e-03
-5.029127165712691389e-03
-3.375098787818190879e-03
-2.845316344725381239e-05
-5.038097272251161780e-03
-1.731954163881592283e-03
-3.751055523082330508e-05
-5.041844617913883442e-03
-9.175483061180169937e-05
-4.140414109240827677e-05
-5.047845810033465240e-03
1.541866428874682539e-03
-4.610876941921083230e-05
-5.048790195241162695e-03
3.177690894347600693e-03
-4.823708301882756325e-05
5.011643699331773567e-03
-5.016836717639668389e-03
1.662926361143114880e-03
5.013339509456309073e-03
-5.019017552973839211e-03
3.331591623291268057e-03
5.013915450294689422e-03
-5.021935058145174380e-03
4.998993090201036063e-03
5.013289185039838253e-03
-5.017893169455440831e-03
6.667148870414207201e-03
5.011438148778516420e-03
-5.017274803589547721e-03
8.338251869382182213e-03
5.028281305155100737e-03
-3.373326722677825410e-03
1.002821917619787020e-02
5.034414765367610511e-03
-1.731402867890799533e-03
1.003412134156402881e-02
5.038558585075717314e-03
-9.037196066015173470e-05
1.003683472838259524e-02
5.043180022692769077e-03
1.550766889716140252e-03
1.003876379983017174e-02
5.042838350340569063e-03
3.188612548957485762e-03
1.003877275661952187e-02
5.045944254671486280e-03
4.818214886185244461e-03
1.628582537531303269e-03
5.041931122561125675e-03
4.824401599300916915e-03
3.310188630506485062e-03
5.046056995097487202e-03
4.823262126526193204e-03
4.993481042879501300e-03
5.044728829647840938e-03
4.828095624595778006e-03
6.676106677780001622e-03
5.041870550102365081e-03
4.830437808657265207e-03
8.358035592784565995e-03
5.029285209427922579e-03
-3.374699850570839557e-03
-2.520866640890453701e-05
5.040295139611037332e-03
-1.730185588287585716e-03
-3.784699496371671858e-05
5.041895277210647029e-03
-9.208225464075362290e-05
-4.090256858064101366e-05
5.046326959891030660e-03
1.543023725787504019e-03
-4.613972541323686463e-05
5.047030203648748999e-03
3.178190885253152909e-03
-4.874909234462726249e-05
-3.336949779749079619e-03
-5.015260171952125832e-03
-1.147890016654751392e-05
-1.668621137682983410e-03
-5.019792796310663593e-03
-1.316689476203706822e-05
-1.166273098287247072e-06
-5.019668232468333345e-03
-1.288955322413988236e-05
1.668893982149165234e-03
-5.017646902839952711e-03
-1.417755358873138944e-05
3.337144142267655343e-03
-5.015422832558665521e-03
-1.123957427746664199e-05
-3.337153118055437209e-03
-5.017421731712308139e-03
1.001214852160638158e-02
-1.669426616900817869e-03
-5.019801056834843206e-03
1.001328144897083508e-02
-7.831860797894767190e-07
-5.020402833452274408e-03
1.001315095038589689e-02
1.668225910272085315e-03
-5.017940573389369219e-03
1.001393650082319127e-02
3.337356030458315213e-03
-5.015805746163610850e-03
1.001165091647367861e-02
-3.366682407214833216e-03
4.809519216063667772e-03
-5.617034963784012989e-05
-1.683656975994765864e-03
4.815920968513996876e-03
-5.153828654279705854e-05
-5.214934876778591756e-07
4.816574440318507899e-03
-5.228719215616157035e-05
1.683719605124338629e-03
4.814174435566256731e-03
-5.438137056636319853e-05
3.364880767043024364e-03
4.815152139257115882e-03
-5.119857601118089831e-05
-3.362639123136340700e-03
4.828006717963117048e-03
1.004059560342195415e-02
-1.684018260008369235e-03
4.823444534049019065e-03
1.004416976581614870e-02
-1.389946230508703806e-07
4.835323071686596641e-03
1.003498171294195038e-02
1.682783076905068446e-03
4.825585911045743477e-03
1.004305672399516576e-02
3.363998273468241096e-03
4.823931198708843703e-03
1.004469514625254759e-02
-5.030088303782135131e-03
-3.520703543718794841e-03
5.819045193724566023e-03
-5.041332284864834777e-03
8.835018396882218100e-04
8.526910578666986248e-03
-5.044538656692124610e-03
8.691974253471728947e-04
1.463353405319130175e-03
-5.045048546646830993e-03
3.411676250936705648e-03
5.824982304430955521e-03
-5.034424340188617744e-03
-2.588687509863688268e-03
1.332808415618518330e-03
-5.032807664424500046e-03
-2.570941026655548627e-03
8.636641090283319472e-03
-5.047656022200409237e-03
3.433190200821736003e-03
2.481153276825133393e-03
-5.047960307591954285e-03
3.411580898113256936e-03
4.157118166516619515e-03
-5.043051097579055730e-03
1.989038351467453062e-03
4.995735228626039387e-03
-5.042923146830215891e-03
1.868965736827096292e-03
6.919832885912320826e-03
-5.042853462921119759e-03
5.710939205100649301e-04
5.839004139872171206e-03
-5.041130311423846350e-03
5.415025504350524845e-04
4.206878607318234597e-03
-5.038293662714191795e-03
-8.241858269112509097e-04
5.008138450083631475e-03
-5.038475933028137115e-03
-8.479853891102034696e-04
6.680049486929256868e-03
-5.041205400832205093e-03
-8.604855634323486544e-04
3.385512422688129533e-03
-5.037947691973560134e-03
-2.213010072667279376e-03
4.401054643878588198e-03
-5.044859101656610709e-03
1.849110073651736999e-03
3.063468583379511979e-03
-5.041034140466697094e-03
-8.743969450541528221e-04
1.661691156001295945e-03
-5.036128354738958653e-03
-8.631772884348503511e-04
8.344903882298568276e-03
-5.041629475505261630e-03
2.390156314437456592e-03
8.602449352153514542e-03
-5.043983064332650465e-03
3.480660781288385120e-03
7.505566807424127532e-03
-5.045703554122905020e-03
2.378315800511020955e-03
1.352496545050303192e-03
-5.027457478550855126e-03
-3.659899230148600142e-03
7.539459038581275419e-03
-5.026818238198341865e-03
-3.718846078037791984e-03
2.407676663147475388e-03
-5.033692959807193126e-03
-1.902612653194193102e-03
5.831874640769391452e-03
-5.027370816116504861e-03
-3.678802000690787385e-03
4.058125924982912414e-03
-5.034995874725184221e-03
-2.219842235081784416e-03
2.819043819699590999e-03
-5.035021062055338933e-03
-2.224414845713623343e-03
7.142971672207089166e-03
-5.042654502722026914e-03
3.054202135622776032e-04
2.755457106755257631e-03
-5.040112247455357658e-03
4.040189805343639561e-04
7.227155113497228840e-03
-5.044054646697776999e-03
3.626120360615576500e-03
8.810633845494653463e-03
-5.022481975293297159e-03
-3.807584472753772903e-03
8.795705559799190526e-03
-5.047533863602107242e-03
3.619572849939258017e-03
1.181571021850823635e-03
-5.024659389813794855e-03
-3.817148911256556566e-03
1.196671025395751970e-03
5.041693987429283173e-03
8.875996257562813021e-04
8.525312845213848731e-03
5.041378544734185715e-03
8.697002232719263900e-04
1.463942817578655362e-03
5.027012814327614862e-03
-3.523426078131450603e-03
5.816975730431916611e-03
5.044447842371894974e-03
3.417342644631908913e-03
5.823410500722313657e-03
5.028879512007830219e-03
-3.519618971219965094e-03
2.613902693466371545e-03
5.032335786642615390e-03
-2.572757036571975651e-03
8.633811517506469885e-03
5.045098306270128646e-03
3.434820576326897985e-03
2.479989224682550061e-03
5.044831504919528552e-03
3.414266622571983552e-03
4.154522664249698551e-03
5.042639026055149160e-03
1.994036415854494749e-03
4.995504867077551689e-03
5.043832990783791645e-03
1.873259729321242236e-03
6.919185349339132714e-03
5.042738651035051124e-03
5.737585911111027243e-04
5.839251148965005425e-03
5.041962235699600121e-03
5.438150717330151544e-04
4.207802145524277594e-03
5.040266797927303935e-03
-8.222909574668113911e-04
5.008740553834920874e-03
5.041062059506348433e-03
-8.608409729243038161e-04
3.386670577501512801e-03
5.037913899524063509e-03
-8.451426764527592657e-04
6.679678041378576438e-03
5.036888497575497080e-03
-2.327144369327733501e-03
4.194379256008527561e-03
5.042827375739047241e-03
1.850279655850624273e-03
3.062452576357151037e-03
5.036594251713719453e-03
-8.650993189292798284e-04
8.341139219249194339e-03
5.041506197273962209e-03
2.394295235219954902e-03
8.599696791399977225e-03
5.039182751523166304e-03
-8.558219276476199512e-04
1.666672148244233848e-03
5.043384623732911388e-03
3.486454108094675080e-03
7.503530396010315261e-03
5.045126725991342168e-03
2.375619260003015900e-03
1.352561317905336341e-03
5.024535157759123585e-03
-3.663067664576990547e-03
7.537914766640824334e-03
5.035688147770157191e-03
-2.491269540643763648e-03
1.369811914129118830e-03
5.035603315042712878e-03
-1.924496288683497829e-03
5.789753767363669049e-03
5.025819542534322101e-03
-3.880171309091543994e-03
4.191332551289023850e-03
5.037298004810179981e-03
-2.010113179612901379e-03
2.646384270757693065e-03
5.033766247963956941e-03
-2.230215184792620244e-03
7.133832396685003095e-03
5.041484905565565833e-03
3.089994020520758365e-04
2.757256159631893671e-03
5.041337356615938937e-03
4.075274052336646884e-04
7.227880110040534739e-03
5.041823481888287051e-03
3.631233612905209428e-03
8.808777199558604290e-03
5.023264704599553557e-03
-3.809139279163585926e-03
8.794705396163121289e-03
5.021446561019527431e-03
-3.808094353030525101e-03
1.207080247393881771e-03
5.044334126371724861e-03
3.615926291338651330e-03
1.182205988424923047e-03
3.571792768193808327e-03
-5.018956995628531641e-03
5.819700518611767813e-03
-3.499788016246028165e-03
-5.020250432844262575e-03
5.816814918083761804e-03
9.801901042222180196e-04
-5.015592545089930798e-03
1.484958606768415441e-03
9.919007517335349990e-04
-5.017969455344705246e-03
8.505660187301346264e-03
-2.543654277026583324e-03
-5.016525146520745167e-03
1.350279126455548526e-03
-2.526866929446269523e-03
-5.017376669697178396e-03
8.620596715806280036e-03
3.596510506619108889e-03
-5.014220274595349719e-03
2.505202409222979064e-03
3.571470676782205131e-03
-5.015864907133326875e-03
4.166097371312685142e-03
2.120806019668855340e-03
-5.021065892706270788e-03
4.998210180658326299e-03
1.995918965643586965e-03
-5.019813374736426491e-03
6.905550399937850949e-03
6.712928636828947165e-04
-5.021857490016982950e-03
5.834395161909775550e-03
6.432348332399368072e-04
-5.016246320195184849e-03
4.216610841762081022e-03
-7.502353117076270787e-04
-5.020350026111645644e-03
5.009501483031485007e-03
-7.758333765750586490e-04
-5.021745065955970054e-03
6.667107700789897708e-03
-7.864316024642316934e-04
-5.016590902418136336e-03
3.395418293122850952e-03
-2.168638384174408941e-03
-5.013130579345915182e-03
4.404419896841153120e-03
-7.963567056442890030e-04
-5.018185235909098339e-03
1.678410225878676628e-03
1.976374757392148056e-03
-5.020444469426694339e-03
3.078617369669825205e-03
-7.908613055502450610e-04
-5.019520180550239227e-03
8.326688235458044179e-03
2.526211174478531878e-03
-5.016318850418627524e-03
8.581653780171265983e-03
3.639569313187682002e-03
-5.016300846838926686e-03
7.487625590324783337e-03
-3.638840177621691183e-03
-5.013049903508760320e-03
7.529694118238708725e-03
2.517037681057180884e-03
-5.018611915524759381e-03
1.379604223208346541e-03
-3.692080551287496484e-03
-5.017658583430320042e-03
2.414083242500533570e-03
-1.849137797986539307e-03
-5.018474304633169583e-03
5.825519992885637779e-03
-3.655179929906624513e-03
-5.018248099001710802e-03
4.060107813534028637e-03
-2.171156000092711903e-03
-5.025114444898789480e-03
2.830330703289843722e-03
-2.179045393829176416e-03
-5.016835372151532552e-03
7.128353218283949543e-03
5.021497719678911066e-04
-5.017560484825188578e-03
7.211281353164229573e-03
4.027095391156941540e-04
-5.018858607681705476e-03
2.771660324320530944e-03
3.786654276280751290e-03
-5.012186582558838914e-03
8.786517296203577923e-03
3.785402320959471885e-03
-5.013178770158363377e-03
1.214468028140994757e-03
-3.785646118672426636e-03
-5.009715671554519113e-03
8.784477378477796583e-03
-3.794923843942346955e-03
-5.010936790272435722e-03
1.207781594436052900e-03
3.595794487283190607e-03
4.827754185406215627e-03
5.821353228670845745e-03
-3.526293634013676851e-03
4.826221108942498582e-03
5.817946974107091919e-03
9.864751471239387951e-04
4.824787519055269772e-03
1.454446513599559447e-03
1.000205266950097765e-03
4.832388865112498960e-03
8.524413847387803805e-03
-2.565587483484448039e-03
4.815860863932014402e-03
1.314748002724402216e-03
-2.546899400539639254e-03
4.828624078075737826e-03
8.638527449171696376e-03
3.621923593076444275e-03
4.820657529993319090e-03
2.476944297538433582e-03
3.594287781413936858e-03
4.824877965664940357e-03
4.151783837921209017e-03
2.135694973533905014e-03
4.828664583275595230e-03
4.990637235470480812e-03
2.011436842622175286e-03
4.830647446671175287e-03
6.916843069580254529e-03
6.751232837334733691e-04
4.826652898259327883e-03
5.833773501424649628e-03
6.473074666223579011e-04
4.828440527777517685e-03
4.200417831411103718e-03
-7.581739420519623780e-04
4.825990538495457914e-03
5.001741234066601691e-03
-7.840220977890025858e-04
4.831331730122470636e-03
6.677321539122364757e-03
-7.930899901725539441e-04
4.827014479854160878e-03
3.376664725211340340e-03
-2.185733619033852857e-03
4.825409230407874325e-03
4.391749975280281361e-03
-8.048926024036910350e-04
4.821696837573776276e-03
1.649595178385950553e-03
1.989364197774730163e-03
4.825845808879780478e-03
3.056478597757798614e-03
-7.975778711424588935e-04
4.829640123153846124e-03
8.342857690906695101e-03
2.544083091075484762e-03
4.833028160582446275e-03
8.598367754949206437e-03
3.663721650741058253e-03
4.829642602403881428e-03
7.502065729094088524e-03
-3.666271785222458262e-03
4.828290834729393952e-03
7.548288550810413125e-03
2.538935691470517973e-03
4.819486854241342155e-03
1.345848840232758770e-03
-3.723076279022278882e-03
4.819885392134667934e-03
2.389015207210118397e-03
-1.866209120275566600e-03
4.825741939775724833e-03
5.827114134411334051e-03
-3.683915461848366688e-03
4.821023717793077382e-03
4.046036726783286581e-03
-2.188503543022060540e-03
4.822435498760230081e-03
2.804871038703689572e-03
-2.198808290966745502e-03
4.828702273024155188e-03
7.142670443701166355e-03
5.058651404549404122e-04
4.830122748865031679e-03
7.224728682055843801e-03
4.051360644480795281e-04
4.826170111333011672e-03
2.747251209705902416e-03
3.812814264632139859e-03
4.833325401384007923e-03
8.807222762505681826e-03
3.815911094064814487e-03
4.819237329352930865e-03
1.177319233199218421e-03
-3.814282629214392397e-03
4.825322693497585691e-03
8.809541160494946052e-03
-3.824638402246786223e-03
4.816889317194433459e-03
1.170953486482543453e-03
8.049283967697332814e-04
3.175090445457229033e-03
-4.782519874962034868e-05
7.782279794932713641e-04
-3.450291598402188339e-03
-2.945759296706242404e-05
-3.594737811399835101e-03
7.154633886669903601e-04
-4.363156363601720895e-05
3.538701223784238535e-03
7.184639263694679199e-04
-4.305744403066844652e-05
-3.619915170928059492e-03
-2.486418170903063624e-03
-3.528686864863375667e-05
3.512797206510525488e-03
-2.425149603715516522e-03
-3.810100600075323220e-05
-2.581165872770731836e-03
3.411703382367695103e-03
-5.136040597890439389e-05
-3.592681154815627245e-03
-9.008642338367384107e-04
-4.126792643925643577e-05
-2.134012566444038611e-03
-9.018770984122830004e-05
-4.431726011281568868e-05
-1.996339689438650020e-03
1.792519649984700408e-03
-4.669707612204823015e-05
-6.769761578184373867e-04
7.290675784540655898e-04
-4.562040244483144783e-05
-6.765778356343229516e-04
-9.085711309513602686e-04
-4.226358335811747298e-05
7.483848276283224790e-04
-9.039398822430643637e-05
-4.389373921590437796e-05
7.807126113387079843e-04
1.547072834412774800e-03
-4.655774020905442554e-05
7.482374634227871362e-04
-1.699602393714559363e-03
-3.881001179358169835e-05
2.276019661420053929e-03
-8.885543532387006095e-04
-4.120704655174997009e-05
-7.060218626895050460e-04
-2.509283031869763078e-03
-3.621506312279939812e-05
3.641247933232041791e-03
2.411518560813711090e-03
-4.823984743413800292e-05
-9.929464824802727244e-04
3.347472472713596773e-03
-5.116519043999403116e-05
-2.144089596928220459e-03
-1.710535633160051305e-03
-3.881941024186166280e-05
-2.302141333062553835e-03
-3.490280735761268002e-03
-3.069557235909314808e-05
2.530002880925651815e-03
3.476126223816633585e-03
-4.933047303299347580e-05
2.501506428234788037e-03
-3.654563190125752377e-03
-2.723638837602392529e-05
-3.670330369127894343e-03
2.347869133278497437e-03
-4.792410528400031940e-05
1.883406582889466307e-03
6.780645084099630330e-04
-4.383914108049311129e-05
3.882416635578320521e-03
-8.833450246743756139e-04
-3.918607248468584307e-05
1.964508977559604238e-03
-2.423056560096724463e-03
-3.816440817182191941e-05
2.196541485475369312e-03
2.001092668337439099e-03
-4.486760469054571236e-05
-8.091109926045623839e-04
-3.903058133765563344e-03
-2.405626052459543528e-05
-4.831349832891432229e-04
2.089919960184234617e-03
-4.750419523062520923e-05
3.815648528796878724e-03
3.615153279562905234e-03
-4.916430073905301049e-05
-3.795185450022971110e-03
-3.810026049566948847e-03
-2.456181751850275414e-05
-3.818357168117089782e-03
3.616734306239509367e-03
-5.043017879660102254e-05
3.794815930998572066e-03
-3.806882952721364188e-03
-2.173878945356312348e-05
-3.590196886624883680e-03
7.207439101014785892e-04
1.004205711708293196e-02
8.050905360363563119e-04
3.188283639543371909e-03
1.003922489172936160e-02
7.787330768124642527e-04
-3.450139823671457499e-03
1.003027248084931503e-02
3.537393868346761470e-03
7.245683186491822143e-04
1.003908969899332607e-02
-3.614790520852114147e-03
-2.482658335840419277e-03
1.003521638060249875e-02
3.507706785562472035e-03
-2.421767915467789700e-03
1.003457033675481461e-02
-2.577544882223196596e-03
3.423293811938876371e-03
1.003897823273722581e-02
-3.588196499555037621e-03
-8.989594230455093867e-04
1.003784282811859448e-02
-2.130269681249096370e-03
-8.503069833526757362e-05
1.003805680639263155e-02
-1.992678059054758810e-03
1.800383459664990768e-03
1.004246850670387388e-02
-6.738453132169255509e-04
7.376611628671826551e-04
1.004005796490420321e-02
-6.721916434861136122e-04
-9.025950724712395812e-04
1.003814501938877016e-02
7.512515909689019417e-04
-8.202780251082090459e-05
1.003912416584831942e-02
7.816702829040100484e-04
1.558382875218545073e-03
1.004088444146102044e-02
7.481546602172655215e-04
-1.696195588417694078e-03
1.003442614539493301e-02
2.274125373948287804e-03
-8.843585667503619380e-04
1.003614936388131686e-02
-7.039162321036744564e-04
-2.510342862634020681e-03
1.003456476821038522e-02
3.639080072229616651e-03
2.421336827546601185e-03
1.003931903974587120e-02
-9.922628203005432520e-04
3.360254831870889466e-03
1.004083326342817759e-02
-2.138367946973849121e-03
-1.706523448667923281e-03
1.003779379523547094e-02
-2.300306871296491779e-03
-3.488622791166202247e-03
1.002984849369583688e-02
2.530392412272811174e-03
3.492281064170858155e-03
1.003737350818277065e-02
2.498695157006870175e-03
-3.655229636151920494e-03
1.002715367905512682e-02
-3.665241218113376390e-03
2.357029858900791704e-03
1.004017459707735004e-02
1.884501348951202150e-03
6.886315318381311390e-04
1.003972012859063491e-02
3.878561367869964947e-03
-8.800091104790577160e-04
1.003530476652808590e-02
1.961548569170564436e-03
-2.422583558971395934e-03
1.003311741168834252e-02
2.196281467874281433e-03
2.013394272760619160e-03
1.004024282227044922e-02
-8.085890471183178937e-04
-3.903853258138044024e-03
1.002746968508371264e-02
-4.809413965650557250e-04
2.100275062878300195e-03
1.004034282939063848e-02
3.813073427428001136e-03
3.629837347880494284e-03
1.003719547443908573e-02
-3.792223323972004987e-03
-3.806258683769414217e-03
1.002485723353173895e-02
-3.812137314506846078e-03
3.629477043744287583e-03
1.004134376850738392e-02
3.795078087624751979e-03
-3.804747595019049907e-03
1.002594567500626060e-02
-3.522719139212013122e-03
-3.926457416910491757e-03
4.841528090567014282e-03
-1.638276574073357913e-06
-7.966153937125257183e-05
4.999257402296278761e-03
-1.778963592877458441e-03
-1.819949654253868489e-03
6.116332699943950388e-03
-2.523027845217699818e-03
-2.552298725106751705e-03
2.494374264868368281e-03
1.859654488953481300e-03
-1.866340088138520540e-03
3.127478903897217433e-03
1.854301299307028420e-03
-1.868112199197651110e-03
6.874785499168487371e-03
1.179221412773610259e-03
1.916537055294138684e-03
3.001496172790276210e-03
-1.590960688983802723e-03
1.948445408041803075e-03
6.596818413725839998e-03
1.602623208213284139e-03
1.451171434999596688e-03
7.088812310662125256e-03
-2.041313479684282641e-03
1.071565814727342683e-03
2.973029276714617228e-03
2.605657073672887174e-03
1.027308724137499120e-04
5.032090796317194824e-03
-3.240667319137935398e-04
-2.665878088844908424e-03
4.188376364270956012e-03
-1.628526767360414238e-04
-4.406037808609579486e-04
7.551612491455189993e-03
-3.631766851302076606e-04
-7.699375164105493573e-04
2.504637370922151596e-03
2.665616472803442223e-03
1.928787200300484752e-04
2.213013129615408903e-03
-2.617324343718810224e-03
-4.095545432527562590e-05
7.589771029804587114e-03
-2.786717624411399075e-03
8.328666725598671240e-05
5.060086509789517122e-03
-2.171740356072249505e-04
-2.800410227261480173e-03
7.653678107797031414e-03
1.616440429856736002e-04
2.644471153405921447e-03
5.075064704849363562e-03
2.608630119259883889e-03
2.488393567220615731e-03
5.121623236161202200e-03
-2.863409079060554464e-03
-2.888562989239513989e-03
7.853710687653751507e-03
-2.963975652416154724e-03
-2.566490496160445459e-03
4.552461383979457439e-03
2.546167277350605161e-04
-2.950625152300581124e-03
2.066851440404834320e-03
1.620943313482918458e-05
2.794458135569971580e-03
7.943068091050315901e-03
2.988671461884329431e-03
-2.007448251143851593e-03
5.001215160138191597e-03
-2.970496755774937846e-03
2.825511663306919542e-03
2.043804936732756660e-03
2.964527489552117815e-03
2.800305524796807902e-03
2.037210115483799842e-03
-2.767166198738659367e-03
2.587302330558915835e-03
4.628134187917518245e-03
2.942188857798580526e-03
-1.736534326980619094e-04
7.845819900069819428e-03
-7.380021166488290232e-04
2.631309100702148955e-03
2.108353685997672606e-03
3.007769051939484812e-03
2.846897813647815498e-03
7.953382379614433798e-03
-3.003640412372051132e-03
2.844305537131901554e-03
7.982702210859782266e-03
3.071011568330090247e-03
-3.085775703060607365e-03
8.057493218726072617e-03
-2.941406923035347083e-03
-5.592240949807031911e-04
1.973093329063170358e-03
1.308231470180534891e-03
-3.136423998923191722e-03
5.358672290892724059e-03
3.070747063507673919e-03
-3.082411156965943026e-03
1.927098057314274556e-03
-1.638171588920833656e-03
-1.176296968170768018e-03
4.014712955895521733e-03
1.197301100366356726e-03
-1.066054983976115521e-04
3.460137469862081382e-03
2.156135256107514261e-04
8.642443003262710284e-04
1.688223327274617760e-03
1.530159205817831919e-04
-1.725256963373534473e-03
5.954553411101695670e-03
-1.164367234648908079e-03
1.022421769681113469e-03
8.209005425780749321e-03
1.290935295892260996e-03
-9.279691728039456914e-04
1.595178382082323510e-03
3.248341546713211236e-03
1.342956250025293839e-03
3.677486462629761532e-03
-1.318429707721135904e-03
1.311498774341719785e-03
4.773564958068561223e-03
-1.596985087037469664e-03
-1.516321582372235017e-03
8.203717052471014640e-03
-8.171710385242496539e-04
-3.368171490541855499e-03
5.840829274332736722e-03
3.340138585090137238e-03
1.249490189226024842e-03
6.336005722580358851e-03
1.268694949685926152e-03
-2.024004605857715488e-04
6.370836063278284035e-03
-2.619489885149389567e-03
-3.409365614668436514e-03
6.124572587320914127e-03
-1.337743987648536484e-03
1.853126841007172402e-04
6.261257357087303410e-03
3.236744889181190649e-03
-8.044843704472259046e-04
3.602845584965517784e-03
1.212563183482137088e-03
3.204556268178495367e-03
6.539235111102339147e-03
1.216734695424691705e-03
1.217621992315598076e-03
4.687565764712364920e-03
-3.379964205880521891e-03
1.182266437479272602e-03
6.429046525936897225e-03
2.474708995832389583e-03
-3.432518534948338085e-03
3.915207666905792284e-03
-3.565861602212018564e-03
-3.473740838983457695e-03
3.343662526105492354e-03
-1.159282627130954783e-03
3.112867174264850011e-03
3.853869715645505747e-03
-3.370348755849765163e-03
-1.486929004362540392e-03
6.889230885082958840e-03
1.388328164852490904e-03
-2.665913288020341741e-03
8.375758547727093356e-03
7.565461575530589003e-04
7.401064025192302187e-04
8.473743787334843749e-03
1.242913883466744644e-03
-9.328806152399566091e-04
8.515115396412618193e-03
3.297414659553576932e-03
-1.356784244294249528e-03
1.610070916792883701e-03
2.921482451071568971e-03
-3.362911220373537239e-03
6.233655765566529713e-03
1.381188919098597133e-03
-1.300105438817394715e-03
4.741228164630404036e-03
7.876058979616287520e-05
1.252885120588665378e-03
6.160042099386743748e-03
-2.679514047238449291e-03
3.317217087516876901e-03
6.271485760617534488e-03
-3.374613386864424008e-03
-1.041065463068987324e-03
3.884685756077014065e-03
-2.315220320756674363e-04
9.326170966939526007e-04
3.414511526305046701e-03
