-5.013771459304503485e-03
-5.027511805989450661e-03
1.001674241339954759e-02
-5.016823475581692199e-03
-5.031860060341601486e-03
-1.854839207131376205e-05
-5.089813493420229477e-03
4.652725062984270493e-03
1.008023312733221863e-02
-5.096941077403822733e-03
4.636424488422486584e-03
-1.016996256425544228e-04
5.016566045133037145e-03
-5.026622218619903118e-03
1.001801677751540387e-02
5.017540437497362144e-03
-5.027372946034330305e-03
-1.752680665601413873e-05
5.087550906541450993e-03
4.652468406873617145e-03
1.008288107476988313e-02
5.095740287401433026e-03
4.627079696564524031e-03
-1.015954454587323388e-04
-5.024059564678662326e-03
-5.035253622096727381e-03
1.661598666243706713e-03
-5.024452441595328445e-03
-5.029840898293507119e-03
3.328505666263930143e-03
-5.025515213376034220e-03
-5.037130142494102361e-03
4.999770338514848700e-03
-5.025871544500288071e-03
-5.034387311450078811e-03
6.668530724563583381e-03
-5.021568405028284041e-03
-5.030855935181479874e-03
8.341899218252351797e-03
-5.050770259551837921e-03
-3.411574852584545615e-03
1.005873413233895029e-02
-5.066639708164670519e-03
-1.793152224851707896e-03
1.007512288696404794e-02
-5.072338363519672717e-03
-1.760251501088378856e-04
1.008418489930410986e-02
-5.082109721451305399e-03
1.430191794596884095e-03
1.008166857264197400e-02
-5.083073928060243690e-03
3.043390727032520109e-03
1.008093915813903368e-02
-5.101467604214057414e-03
4.631815752397970380e-03
1.595261308677189006e-03
-5.094121002155980321e-03
4.643948628312611314e-03
3.291845490651330603e-03
-5.098197261537930694e-03
4.649552652036725332e-03
4.991936283103496144e-03
-5.108210481055933984e-03
4.635043017210993196e-03
6.687231822679566041e-03
-5.099702254934047191e-03
4.647866147237691287e-03
8.386438758306679134e-03
-5.058027069547622531e-03
-3.417294983455903060e-03
-5.670557884143766561e-05
-5.075991259320183566e-03
-1.796549186000814943e-03
-7.489554725250566138e-05
-5.083503793749114680e-03
-1.824174485041320660e-04
-8.280592209362797908e-05
-5.095512321462895323e-03
1.418931408665194795e-03
-9.243423055252902962e-05
-5.097506595549748318e-03
3.025577088276864765e-03
-9.694711344900644727e-05
5.023035529885104891e-03
-5.033965348889253046e-03
1.658912044662400314e-03
5.026327042135966296e-03
-5.038213227213979122e-03
3.330218562512670798e-03
5.027450997510384337e-03
-5.043931538601842575e-03
4.998014252798122121e-03
5.026233668016393680e-03
-5.035874392887777079e-03
6.667336231126287649e-03
5.022523886500275189e-03
-5.034670448449273146e-03
8.343416909658493696e-03
5.056042799180863155e-03
-3.413204571801916123e-03
1.005590763329817713e-02
5.068258268845255918e-03
-1.794483168911097277e-03
1.006750308508793344e-02
5.076511530818274449e-03
-1.783725256121288731e-04
1.007276838058169220e-02
5.085729689476495632e-03
1.437802862554550965e-03
1.007645693334336713e-02
5.085119201221209757e-03
3.048511840674691595e-03
1.007631196990962930e-02
5.091504451420252909e-03
4.641120238987574836e-03
1.589076238470927714e-03
5.083384690790794178e-03
4.653716333751243238e-03
3.286284968523579039e-03
5.091597375129427311e-03
4.651851258104342836e-03
4.985832223646223006e-03
5.088912865420281567e-03
4.661468187373481523e-03
6.684091375878170246e-03
5.083316312943017036e-03
4.666041215475908929e-03
8.381833512416801690e-03
5.058301934167059970e-03
-3.416403323290793156e-03
-5.009794648787902366e-05
5.080264562441977674e-03
-1.792871820375948298e-03
-7.540728233609164471e-05
5.083476641781260047e-03
-1.827396649677537799e-04
-8.174331421533233516e-05
5.092313894833565106e-03
1.421378447920247819e-03
-9.246968075842894243e-05
5.093717397992705842e-03
3.026664571779095949e-03
-9.801146130071931037e-05
-3.340916876252372509e-03
-5.030976308423904843e-03
-2.275252316801515388e-05
-1.670223461702653516e-03
-5.039878698621150753e-03
-2.606463036622237549e-05
-2.312601068898409471e-06
-5.039600621340534561e-03
-2.550258859526590802e-05
1.670759278733208782e-03
-5.035610100270948922e-03
-2.811090285741180218e-05
3.341310169611698931e-03
-5.031221655453616513e-03
-2.231028029076724493e-05
-3.341286591741452882e-03
-5.035020814743329520e-03
1.002397541315045229e-02
-1.671809567399414574e-03
-5.039601767454645297e-03
1.002617694735756862e-02
-1.517373242659989222e-06
-5.040771971997368324e-03
1.002589996030671046e-02
1.669459742492091121e-03
-5.035950765495252231e-03
1.002744435762362510e-02
3.341667601789349677e-03
-5.031725291344608941e-03
1.002299758268898264e-02
-3.400531115675433681e-03
4.623701087870494761e-03
-1.132648616026789518e-04
-1.700509088308025394e-03
4.636313332786825420e-03
-1.040794029329831800e-04
-1.259015889454283328e-06
4.637593759892957336e-03
-1.055927791241546122e-04
1.700258875881232624e-03
4.632809629920088199e-03
-1.098683100188356483e-04
3.396530562348828997e-03
4.634607266860617594e-03
-1.035439723199166871e-04
-3.392488071446810634e-03
4.661357409483802422e-03
1.007974535353977318e-02
-1.701248974751111680e-03
4.652633520276678279e-03
1.008691012297491599e-02
-5.795982748101049720e-07
4.676010016389183822e-03
1.006852908007342846e-02
1.698253999251396733e-03
4.656949440382969312e-03
1.008474231060614568e-02
3.394688651582319222e-03
4.653516415440280170e-03
1.008805477370708879e-02
-5.059765735378257343e-03
-3.549350842274762684e-03
5.823055618039797016e-03
-5.082265597898756419e-03
7.787978143790328690e-04
8.555092974861963975e-03
-5.088847684991374028e-03
7.625132232946885483e-04
1.432494063736263531e-03
-5.089922974188218138e-03
3.263528398046734811e-03
5.829094655293775781e-03
-5.068621523022848706e-03
-2.636007891766171864e-03
1.309785018047980153e-03
-5.065064921543268109e-03
-2.618121244406489134e-03
8.660946566004454339e-03
-5.095154512436119755e-03
3.281269912538793080e-03
2.454597012995602626e-03
-5.095701299601770699e-03
3.264157570318116253e-03
4.147435816265102049e-03
-5.085838080116364575e-03
1.865388875472977258e-03
4.992862570314043208e-03
-5.085548461197517307e-03
1.748235127709425393e-03
6.933936146326602663e-03
-5.085354484303384118e-03
4.745913804795958107e-04
5.844547157546025988e-03
-5.081973843096142425e-03
4.433753643795230581e-04
4.198420746917508328e-03
-5.076203275419581724e-03
-8.977670473871350674e-04
5.008046193610855151e-03
-5.076534800755856322e-03
-9.203420175360801101e-04
6.692725160875413748e-03
-5.082089858713568706e-03
-9.345358690097756073e-04
3.371921981659266841e-03
-5.075469270005035678e-03
-2.261333236179652578e-03
4.398046526915853037e-03
-5.089506079116361617e-03
1.728138060628110545e-03
3.045465985665875112e-03
-5.081824757500567023e-03
-9.515115174464034787e-04
1.635427464012280483e-03
-5.071770299814473346e-03
-9.357434314608406361e-04
8.372316006633753749e-03
-5.083021851793352933e-03
2.261884930858463691e-03
8.630962941513459913e-03
-5.087778345984940616e-03
3.333530506245987752e-03
7.524141272885840476e-03
-5.091274154100412785e-03
2.244622699064793836e-03
1.317552983041960597e-03
-5.054623391452319620e-03
-3.688557610793774359e-03
7.549769308573256801e-03
-5.053390551659616911e-03
-3.750591204095453813e-03
2.397474840640566405e-03
-5.066971592087879568e-03
-1.958187450159171780e-03
5.838552209894125843e-03
-5.054331145492045943e-03
-3.709428678876053320e-03
4.056335148667458874e-03
-5.069683327548570040e-03
-2.272024721137735122e-03
2.806145822226535896e-03
-5.069528979503076967e-03
-2.272063517159020850e-03
7.158665252845476147e-03
-5.085060379847444918e-03
2.108420589387999245e-04
2.735715351376918122e-03
-5.079818520274954896e-03
3.084836402097680327e-04
7.243765708683421074e-03
-5.087998133120063410e-03
3.476546269155901623e-03
8.840165601070515064e-03
-5.044743810658906293e-03
-3.834972257790552654e-03
8.811222436941927583e-03
-5.094971251515581154e-03
3.462914538139916405e-03
1.142457760597722976e-03
-5.049195427433927907e-03
-3.846320429082087430e-03
1.181444635728990094e-03
5.082814210601792684e-03
7.871144769370113682e-04
8.551766594685754341e-03
5.082341288121264462e-03
7.637232395478247247e-04
1.433765946626962620e-03
5.053667983923633075e-03
-3.554561800834811144e-03
5.818920286860190111e-03
5.088388346839512084e-03
3.275055064953323342e-03
5.825920207591589808e-03
5.057569084570870746e-03
-3.552022723026952277e-03
2.603998737261582676e-03
5.064140472393426420e-03
-2.621563351032577070e-03
8.655152301395033221e-03
5.089697970765660363e-03
3.284727739676909005e-03
2.452268543278483901e-03
5.089128020670226002e-03
3.269750754856485132e-03
4.142237107107072346e-03
5.084729834097852924e-03
1.875497525832206828e-03
4.992394072422082045e-03
5.087085656715752829e-03
1.757024794487259444e-03
6.932607717697664672e-03
5.084935352960276086e-03
4.800796144546045025e-04
5.845029459908685637e-03
5.083449800087959727e-03
4.481550994072546119e-04
4.200308486581872704e-03
5.080007795373451228e-03
-8.938984504723837456e-04
5.009240799698990061e-03
5.081674951649452383e-03
-9.331297884166743842e-04
3.375286015292198842e-03
5.075294681870184607e-03
-9.146024702065437681e-04
6.691923902772106865e-03
5.073337376429170632e-03
-2.375541172447707700e-03
4.189757491964873036e-03
5.085178997895515446e-03
1.730728353356865423e-03
3.043457257440472866e-03
5.072676101959628162e-03
-9.392774207065712234e-04
8.364657149259753163e-03
5.082451681081905266e-03
2.270381390591806863e-03
8.625404682765456729e-03
5.078024958925427337e-03
-9.312342737302708399e-04
1.641390397976807058e-03
5.086253205871070840e-03
3.345272356846853111e-03
7.520041520994441044e-03
5.089839761101658776e-03
2.239548126582189234e-03
1.317727123724184634e-03
5.048751120558059823e-03
-3.694706751435683067e-03
7.546628874074111371e-03
5.071175228431130597e-03
-2.538175022930621964e-03
1.346853924451629683e-03
5.070706950567960627e-03
-1.978891031432486805e-03
5.795276554163380361e-03
5.051363519855138658e-03
-3.909178617349688863e-03
4.188748667788431274e-03
5.074234222633481478e-03
-2.064369886018015392e-03
2.631874488678213973e-03
5.067059744814420702e-03
-2.280406832570998268e-03
7.146333086885330033e-03
5.082545634430135108e-03
2.151924714275540670e-04
2.738392819408018951e-03
5.082119638857973860e-03
3.156142874729473335e-04
7.245119275364299456e-03
5.083158420994718200e-03
3.487004876704954438e-03
8.836404824049000004e-03
5.046240911367041310e-03
-3.838000561460158579e-03
8.809143816919660572e-03
5.042766331594582263e-03
-3.836177969342694730e-03
1.194363095433217687e-03
5.088251091763601290e-03
3.455909060807139770e-03
1.143730141857030817e-03
3.579391128782174070e-03
-5.037717463541461008e-03
5.819410177720464768e-03
-3.507307409265109956e-03
-5.040361978616918551e-03
5.818604855077617877e-03
9.823638867888972916e-04
-5.031124653561681002e-03
1.476071621602043950e-03
9.927863313569777227e-04
-5.035708771763132419e-03
8.513159201835148598e-03
-2.546287766960972539e-03
-5.033039330312915477e-03
1.344715584513563652e-03
-2.530648690081346158e-03
-5.034666111802773777e-03
8.628981812283520805e-03
3.603934233245949074e-03
-5.028409830697229931e-03
2.503505834568415297e-03
3.579785606480166259e-03
-5.031618164684061381e-03
4.166220783259368815e-03
2.125462315679880511e-03
-5.041786288346519762e-03
4.998418496283857024e-03
1.998733878379785941e-03
-5.039275560435750069e-03
6.906116009522729297e-03
6.725627157224205958e-04
-5.043345982996278419e-03
5.835771533523719141e-03
6.444067878056865002e-04
-5.032256082969318624e-03
4.218209598818765081e-03
-7.514280656723605102e-04
-5.040371503079280578e-03
5.010979583180591099e-03
-7.776111022824042183e-04
-5.043113355567760241e-03
6.667224283389835277e-03
-7.878626718433725607e-04
-5.032990809233758335e-03
3.391940522263489372e-03
-2.173170233238972283e-03
-5.026118955523052600e-03
4.404825131878989733e-03
-7.966589771610292853e-04
-5.036267871456846443e-03
1.669031377908455687e-03
1.979655805811696319e-03
-5.040664339054702972e-03
3.076363465092610619e-03
-7.926533608171275206e-04
-5.038770623655954711e-03
8.336143934691229648e-03
2.530305646532916234e-03
-5.032521646382482131e-03
8.590157426354433703e-03
3.646966638037622485e-03
-5.032426797921628510e-03
7.489232597730229209e-03
-3.646524598921681293e-03
-5.026003685842267768e-03
7.530378606429322455e-03
2.519009981806455151e-03
-5.037193641685964486e-03
1.372402458862602426e-03
-3.697071220547549966e-03
-5.035295885777022439e-03
2.410220377633452964e-03
-1.852196455051821492e-03
-5.036658377510813689e-03
5.826005255507590332e-03
-3.662165226968464634e-03
-5.036421016703700182e-03
4.060247882696427571e-03
-2.175132410256113129e-03
-5.049969246985707566e-03
2.828818202172442720e-03
-2.181990808478768713e-03
-5.033433594372394536e-03
7.129673713529321999e-03
5.023026212675366997e-04
-5.034826425470823562e-03
7.212541822402379101e-03
4.033891389460994006e-04
-5.037552969169253360e-03
2.768424592196561552e-03
3.793183337364215875e-03
-5.024354720533447984e-03
8.792919930896963415e-03
3.790745081466983211e-03
-5.026450032242424024e-03
1.209078337478942510e-03
-3.791210661797355785e-03
-5.019415881404932708e-03
8.788879582637996318e-03
-3.801811299963639423e-03
-5.022020509009080848e-03
1.203685463423247821e-03
3.627242363594432046e-03
4.660893278553731450e-03
5.821553274155205626e-03
-3.560705102331893340e-03
4.657636101575926210e-03
5.819798259545620397e-03
9.947434748341478852e-04
4.654381724994599914e-03
1.413811013975933752e-03
1.009123888798356102e-03
4.670327185971233364e-03
8.549542196288562046e-03
-2.590336360142593206e-03
4.636726373868636439e-03
1.272490891810002835e-03
-2.570995070331210004e-03
4.662596161860731170e-03
8.663775805503013544e-03
3.654514019053989489e-03
4.646317508489832340e-03
2.445755370840648965e-03
3.625189937001911406e-03
4.655057119478252584e-03
4.136430984849819720e-03
2.155123252094545867e-03
4.662618754175952042e-03
4.982124402390008568e-03
2.029602242407631003e-03
4.666716566177096966e-03
6.927515269832826630e-03
6.800121684453649907e-04
4.658825235315012386e-03
5.833378213240844427e-03
6.524021379056917005e-04
4.662159960279953566e-03
4.184686813100533045e-03
-7.675477563004344311e-04
4.657504674019356632e-03
4.994340707938264325e-03
-7.942837352029786949e-04
4.668096476964724711e-03
6.686446743355841695e-03
-8.013618542486037125e-04
4.659132260782646202e-03
3.353178717497196700e-03
-2.207647321744656606e-03
4.656085323035992832e-03
4.378383547796988774e-03
-8.139806520952727002e-04
4.648296311999844908e-03
1.610138864564265556e-03
2.005458431106461620e-03
4.656797020256139494e-03
3.030835878170285574e-03
-8.064083850826945675e-04
4.664892614945366674e-03
8.367415145427331211e-03
2.565840146441830238e-03
4.671407660317718723e-03
8.622512630219908089e-03
3.695040855439652838e-03
4.664665309960644088e-03
7.516949672311256346e-03
-3.701643155508988186e-03
4.661750011957378759e-03
7.566387064349359114e-03
2.562641637553542129e-03
4.643758813082576528e-03
1.303540623795431492e-03
-3.759252833622811225e-03
4.644693282599463881e-03
2.359003023299377760e-03
-1.886612634769181413e-03
4.656907534063393396e-03
5.828067068013342497e-03
-3.719895898668275185e-03
4.647275655313204933e-03
4.030988161809568454e-03
-2.210188844121164977e-03
4.649975625115644780e-03
2.776658456883887051e-03
-2.221776077719423738e-03
4.662786660642148986e-03
7.157153477990569300e-03
5.094674904112865511e-04
4.665813684459762731e-03
7.238233673072434760e-03
4.080777074252332098e-04
4.657383639556645673e-03
2.718385324847884515e-03
3.845275422829049980e-03
4.671917695635057627e-03
8.833187299495986328e-03
3.851551914594262237e-03
4.643127130401541493e-03
1.133508470678968759e-03
-3.848698686886352707e-03
4.655926948592440176e-03
8.837809698101989700e-03
-3.861386416073061493e-03
4.638581461203956230e-03
1.128925714656941722e-03
8.126701500329107201e-04
3.027741030770027611e-03
-9.618979673981797071e-05
7.823810328496921124e-04
-3.487415918246490783e-03
-5.870251445344219586e-05
-3.625360338343417300e-03
6.127013551827313175e-04
-8.737875597420527581e-05
3.568104931952225788e-03
6.148313485953748247e-04
-8.619284255403087520e-05
-3.645666162382004208e-03
-2.536472498686787296e-03
-7.035159982469168388e-05
3.538405338093403643e-03
-2.473994429556936221e-03
-7.594356344072472848e-05
-2.607424857883284056e-03
3.257069567429401666e-03
-1.032932182113198649e-04
-3.621231189413842179e-03
-9.757437173799804507e-04
-8.248864114170404533e-05
-2.151949041223291496e-03
-1.779417000211835258e-04
-8.861235716252475970e-05
-2.014689115003471653e-03
1.672504607941814950e-03
-9.366606257269746499e-05
-6.839945888367167425e-04
6.271230155981092225e-04
-9.138628204000512920e-05
-6.831311287974949293e-04
-9.829801313534652658e-04
-8.443346217356352220e-05
7.526609859537970607e-04
-1.791609855489299135e-04
-8.780355427340718688e-05
7.872719173684549409e-04
1.429670240426071486e-03
-9.336995528442524662e-05
7.534208000031753383e-04
-1.762367382296738680e-03
-7.746069099826230573e-05
2.292861133625834127e-03
-9.639745585601621359e-04
-8.235494695282853368e-05
-7.099839807197670834e-04
-2.557139003715556882e-03
-7.213598930114317590e-05
3.675227376680581352e-03
2.273076908224637167e-03
-9.687539522224990251e-05
-1.002035570637660683e-03
3.194638407424191685e-03
-1.029175647431666911e-04
-2.161092714023627424e-03
-1.772359219202247326e-03
-7.745216185753727746e-05
-2.313117925194977439e-03
-3.522644067148561139e-03
-6.124242022708025954e-05
2.553742321552521927e-03
3.318960510792354299e-03
-9.930740659694457936e-05
2.513894108355081876e-03
-3.683289397746262756e-03
-5.423736821438326911e-05
-3.706626886855424359e-03
2.211676801133596187e-03
-9.622346922578088732e-05
1.897614358542122365e-03
5.742022766362835443e-04
-8.780786577152313902e-05
3.913593547795429610e-03
-9.596087476175029852e-04
-7.833152509856858249e-05
1.977851100128327592e-03
-2.472714361573579225e-03
-7.608196607473993213e-05
2.215824848986728060e-03
1.873025475704943486e-03
-9.006749159442382240e-05
-8.131363514024700584e-04
-3.931229108567563420e-03
-4.791973372324641214e-05
-4.873649165595755829e-04
1.962652484756405215e-03
-9.532751313713851073e-05
3.850994869014971907e-03
3.454076091209955755e-03
-9.899768866167819414e-05
-3.810215509476216466e-03
-3.840146758790009135e-03
-4.905183354115394802e-05
-3.856766342139077673e-03
3.457165610502282299e-03
-1.014254924766491407e-04
3.809491636801663403e-03
-3.833905434617199300e-03
-4.327669709333122348e-05
-3.616091409598435127e-03
6.241941021609293547e-04
1.008320511698249794e-02
8.129319514936811809e-04
3.055121661445401107e-03
1.007720963716991942e-02
7.833645414332270724e-04
-3.486510663035480642e-03
1.005991343877406241e-02
3.565335379730964760e-03
6.280630500574393071e-04
1.007719213126829182e-02
-3.635163446059509924e-03
-2.528449217611305165e-03
1.006989235208313044e-02
3.528048161902297766e-03
-2.466525383285427062e-03
1.006847171727910314e-02
-2.600109387193086808e-03
3.281187711493546884e-03
1.007677303323511499e-02
-3.611996184599675953e-03
-9.710493055119981658e-04
1.007502523609402414e-02
-2.144330485329971371e-03
-1.666989565454374581e-04
1.007531036015107788e-02
-2.007283426522511217e-03
1.689242564507537590e-03
1.008385844044703758e-02
-6.776742163259693620e-04
6.451827863635166242e-04
1.007911728303608617e-02
-6.743168577843755389e-04
-9.702676525051359951e-04
1.007547771841928522e-02
7.583898634984752437e-04
-1.616313201842659801e-04
1.007730635498724041e-02
7.891441206791663995e-04
1.453235159465683050e-03
1.008065478477227286e-02
7.532498955991623205e-04
-1.754759906572674185e-03
1.006810393254813953e-02
2.288983719270226789e-03
-9.546032371901154705e-04
1.007148364661202000e-02
-7.057592418373112748e-04
-2.558493586046983303e-03
1.006837899924396817e-02
3.670701157775850716e-03
2.293799761796162188e-03
1.007744000365634086e-02
-1.000656779586357650e-03
3.221175665728296441e-03
1.008040511679076691e-02
-2.149467082321343710e-03
-1.763640099172785781e-03
1.007487096661362387e-02
-2.309339676513584832e-03
-3.518921627504667526e-03
1.005919334168737210e-02
2.554436284445244908e-03
3.352225710079892798e-03
1.007350634836769523e-02
2.508204976145754928e-03
-3.684035089230606411e-03
1.005382858316727565e-02
-3.696249425762524604e-03
2.230906648283173185e-03
1.007924842205082210e-02
1.899734072351215441e-03
5.962178891127942540e-04
1.007841932031005097e-02
3.905701433351370985e-03
-9.520196125656899249e-04
1.006977416340357895e-02
1.971918961863916662e-03
-2.470911360379919597e-03
1.006553401932001532e-02
2.215220782696342150e-03
1.898604640759358683e-03
1.007934745129565775e-02
-8.120200347165689152e-04
-3.932365047796340836e-03
1.005441959656674586e-02
-4.829652024682791977e-04
1.984392387046903395e-03
1.007955048856087020e-02
3.845719599103924503e-03
3.484385890183737487e-03
1.007312307634265769e-02
-3.804131502469256833e-03
-3.832340469740580687e-03
1.004943802991641391e-02
-3.844251514291156455e-03
3.483427849478913305e-03
1.008146346453306190e-02
3.809872753639579734e-03
-3.829263145527446715e-03
1.005147420813023128e-02
-3.540154183971831910e-03
-3.952643328639874470e-03
4.844059349593873333e-03
-2.311387304783997299e-06
-1.569470647315029542e-04
4.998138770679638222e-03
-1.789758854895240553e-03
-1.870567435917415509e-03
6.125367594061570387e-03
-2.538848920625129315e-03
-2.596799113325601836e-03
2.477849275300449822e-03
1.870155724210426518e-03
-1.918410449221330224e-03
3.115970835223747827e-03
1.865428620389372825e-03
-1.919765762138630778e-03
6.886203780618900712e-03
1.189242708566052914e-03
1.799536065000339113e-03
2.980469393315806487e-03
-1.604910354505900737e-03
1.835485880147475716e-03
6.606898846658850605e-03
1.616015421210490258e-03
1.348672298923537160e-03
7.103884125951013921e-03
-2.058578717348033982e-03
9.709036327403973606e-04
2.953700704126086506e-03
2.627024865912828359e-03
2.086901920358501760e-05
5.031810094642261318e-03
-3.261035075477614737e-04
-2.705795210172426326e-03
4.182798147125910138e-03
-1.627068827460776887e-04
-5.120318452904910628e-04
7.571638302104658456e-03
-3.673447708741654164e-04
-8.401322996548323593e-04
2.483242350385333249e-03
2.686975819524957312e-03
1.010893905780267833e-04
2.188895361953477336e-03
-2.635429424891510327e-03
-1.215838476390367783e-04
7.609949988549571595e-03
-2.808243480606333140e-03
-1.054197565877592584e-06
5.058797845948094854e-03
-2.183128567600531409e-04
-2.842653289255054911e-03
7.669947537529987411e-03
1.631187210487718435e-04
2.519965669679277622e-03
5.071352129035310539e-03
2.630942286787323319e-03
2.363762132161867542e-03
5.118517703847628997e-03
-2.877498059463082496e-03
-2.927238768356235817e-03
7.870130886921995403e-03
-2.981715002598237831e-03
-2.609090636161051895e-03
4.549870020449445218e-03
2.552469586529442880e-04
-2.989544851224058917e-03
2.049930037527022443e-03
1.625648688426674463e-05
2.670126556827577199e-03
7.963142488050134471e-03
3.009047051060309130e-03
-2.056760224646661875e-03
5.000283188499783822e-03
-2.998993679120229815e-03
2.688657379784528158e-03
2.013980573799362909e-03
2.989729476083540210e-03
2.665271461874118251e-03
2.007786439090332789e-03
-2.792289213712074395e-03
2.460410148224876064e-03
4.621571435633377994e-03
2.964059586818307713e-03
-2.529105410636391126e-04
7.866988139001293220e-03
-7.441050028223388305e-04
2.501249562289246942e-03
2.079107662304775003e-03
3.034155351233705066e-03
2.717095511356295515e-03
7.974777026814965780e-03
-3.031215291206205281e-03
2.710810567403276836e-03
8.004443962676147106e-03
3.085745346113851536e-03
-3.122694505195587698e-03
8.073607199186800740e-03
-2.964661356382751380e-03
-6.348697442308409451e-04
1.947163149619299607e-03
1.315341227126942507e-03
-3.168148354443463700e-03
5.360280618760746019e-03
3.085323380717595529e-03
-3.116376190852798104e-03
1.911406051046416702e-03
-1.650212073554315276e-03
-1.238943116625310700e-03
4.006301645187860042e-03
1.206447528148131597e-03
-1.859779588082844076e-04
3.446067247329841210e-03
2.161236410777898703e-04
7.640182278174822072e-04
1.657213964989082610e-03
1.540235160646254262e-04
-1.776055943197365605e-03
5.961810437860147992e-03
-1.172684187360385245e-03
9.278037181794633213e-04
8.234224394607452674e-03
1.298750659436216127e-03
-9.993741871108486555e-04
1.567361302649977967e-03
3.275349257801906874e-03
1.235008352622181784e-03
3.663537790207753095e-03
-1.329861704094774128e-03
1.209146550284449654e-03
4.768597295845547132e-03
-1.604809602466249641e-03
-1.574014545205426694e-03
8.227890852483196737e-03
-8.202379887441190506e-04
-3.396773131342124309e-03
5.844583921813535643e-03
3.368881796066909660e-03
1.148102208158908533e-03
6.345360653378196575e-03
1.279235312709421386e-03
-2.765347002144088540e-04
6.381198906905916068e-03
-2.632722292472430489e-03
-3.440123431699763402e-03
6.130030577228005699e-03
-1.347407474374599399e-03
1.040757269988449088e-04
6.270997249728254945e-03
3.262197337938481118e-03
-8.761429522085612421e-04
3.592600264295807509e-03
1.223880117535947878e-03
3.071521041273510451e-03
6.547544208515230016e-03
1.226285752497244122e-03
1.116452674754537817e-03
4.682627417236837931e-03
-3.407702454713796431e-03
1.077604914279147201e-03
6.438474304749093602e-03
2.485219397822115411e-03
-3.464407715350029289e-03
3.910471911868497810e-03
-3.584467604502615101e-03
-3.505105346842726528e-03
3.338397963962140905e-03
-1.169661428799889918e-03
2.977918721852511330e-03
3.838957048330831571e-03
-3.392392591652624613e-03
-1.545407693144844200e-03
6.904101425098323891e-03
1.395524511065354082e-03
-2.711540459635603147e-03
8.395045112665044246e-03
7.629541294015416064e-04
6.500998751748410286e-04
8.500657694142568083e-03
1.250702575935215988e-03
-9.997329448581441201e-04
8.539590958297517409e-03
3.320620228958005155e-03
-1.424175143791961591e-03
1.584204421986589416e-03
2.934720456119648165e-03
-3.395175586553836160e-03
6.239153081684213967e-03
1.390247369278413024e-03
-1.356648982576983764e-03
4.739271732658972315e-03
7.942746835277539612e-05
1.153974473761168419e-03
6.167455403281509388e-03
-2.705016487489507720e-03
3.177810995071893903e-03
6.279063765463989595e-03
-3.399977151725160421e-03
-1.108522193099242999e-03
3.874247620210049484e-03
-2.341268159944643278e-04
8.351027552998689825e-04
3.398662213637354546e-03
