-5.046747113521498490e-03
-4.826994653246791112e-03
1.003817536560894404e-02
-5.044591886090623797e-03
-4.821854430647531074e-03
-4.982607723125459504e-05
-5.008606983770758081e-03
5.012791684291828878e-03
1.000778245649011286e-02
-5.008772071863813388e-03
5.013990073622777432e-03
-8.051284471027329089e-06
5.045109682133842345e-03
-4.826191497141121313e-03
1.003835144885651710e-02
5.048261569950320514e-03
-4.813907196241881334e-03
-5.169570646856772695e-05
5.008768881416714169e-03
5.012975991307531964e-03
1.000869517125592585e-02
5.007953721401094127e-03
5.012984201835235000e-03
-8.849357828857295011e-06
-5.042108459498190372e-03
-4.824112340127228657e-03
1.629926929837746587e-03
-5.044141158965525888e-03
-4.825972546517908607e-03
3.312369433418527100e-03
-5.043865609786645464e-03
-4.825134337621545325e-03
4.992811074781783841e-03
-5.048975289147773250e-03
-4.818756664257843603e-03
6.673343955182053228e-03
-5.049934000292664177e-03
-4.819066635913044766e-03
8.354794062281199751e-03
-5.044171630981765173e-03
-3.187451757361175510e-03
1.004094431784581173e-02
-5.040673798547275035e-03
-1.552376378525910762e-03
1.003965302856870377e-02
-5.036551882150442326e-03
8.788601160796772542e-05
1.003904576155508627e-02
-5.035286983125427350e-03
1.726922874908548696e-03
1.003581745164893770e-02
-5.026111465831723663e-03
3.371322188005577633e-03
1.002752278726803253e-02
-5.012301222189314079e-03
5.016302770277865190e-03
1.662394081126046183e-03
-5.013007383625452465e-03
5.017237960467395633e-03
3.331169011861014485e-03
-5.014599634525208210e-03
5.020474424882653830e-03
5.000129579012293699e-03
-5.013394615076277247e-03
5.018001718193031320e-03
6.669242038212489301e-03
-5.011583117852364162e-03
5.015653972466204043e-03
8.336157419140980893e-03
-5.044746859511650347e-03
-3.181985341499879178e-03
-4.898278257084882757e-05
-5.042019235226839757e-03
-1.542458389548042718e-03
-4.489798817227428718e-05
-5.040060306974012035e-03
9.766807888924039646e-05
-4.166650567148210815e-05
-5.039018213881557573e-03
1.733682526982945190e-03
-4.040487705035265327e-05
-5.030674380394695513e-03
3.374497320769860934e-03
-3.061637309700966018e-05
5.045200200318487177e-03
-4.819475119213199356e-03
1.629966484135585625e-03
5.048329219993855435e-03
-4.818690011463883267e-03
3.311082009745431372e-03
5.042726809691126626e-03
-4.828301247767908741e-03
4.992854900785752108e-03
5.047796157449945670e-03
-4.824737890814710141e-03
6.675077772666471350e-03
5.043989326850212285e-03
-4.826327015296758699e-03
8.355562144685746429e-03
5.043889703199314067e-03
-3.189729508026355013e-03
1.003969795409650687e-02
5.039115676359009859e-03
-1.552707801801537233e-03
1.003905875689665821e-02
5.036486200348497082e-03
8.707011503077599288e-05
1.003872924317819257e-02
5.035855817400249589e-03
1.729848451906550568e-03
1.003498141473613790e-02
5.027022243810417949e-03
3.371317486699775511e-03
1.002777943809943922e-02
5.011042841719313447e-03
5.015570595416414534e-03
1.663392681453541898e-03
5.014149778046646938e-03
5.019439090492223629e-03
3.328604672884641433e-03
5.013846905725889008e-03
5.018815892317497057e-03
5.002234401758966741e-03
5.013550908620782211e-03
5.019631689679012777e-03
6.669412431345410341e-03
5.011218950032468936e-03
5.017078269573965049e-03
8.336848596421402718e-03
5.047721469548210015e-03
-3.178615206100729885e-03
-4.768646242867575228e-05
5.045397660710326804e-03
-1.539213744040733968e-03
-4.559707142839485304e-05
5.041867901007030493e-03
1.000405498023011910e-04
-4.149568099517225559e-05
5.040417229005226402e-03
1.736548325596077962e-03
-3.928160017299131432e-05
5.029048199492672754e-03
3.376908192885862310e-03
-3.098104355712331514e-05
-3.362934020772081253e-03
-4.812430482214418923e-03
-5.846311867165439124e-05
-1.683531990812217908e-03
-4.814572384565380010e-03
-5.755254865479035592e-05
1.686509158070278795e-06
-4.815089332254453812e-03
-5.506540106742482455e-05
1.686429434174136887e-03
-4.811145861674668428e-03
-5.633614683027588106e-05
3.366083838505815745e-03
-4.808918156301222532e-03
-5.656167865683713085e-05
-3.366789981796136384e-03
-4.834107489415041294e-03
1.003343195283710847e-02
-1.685718056768516649e-03
-4.832562440448044672e-03
1.003707422059396497e-02
-2.283066592804104200e-06
-4.829674003953974247e-03
1.003841529764498176e-02
1.682563663579731946e-03
-4.824377809327125635e-03
1.004303449314041669e-02
3.364049149362118626e-03
-4.827844201706239791e-03
1.003852282731933568e-02
-3.337046235945320769e-03
5.015562255836891921e-03
-1.172216908086229631e-05
-1.668048942351377153e-03
5.019920036846871672e-03
-1.313663010709096264e-05
6.717176915473326504e-07
5.022171351417118249e-03
-1.637081476714743786e-05
1.668799564565635451e-03
5.016928427673633846e-03
-1.380537837084739896e-05
3.337180668012323329e-03
5.016697769425344268e-03
-1.085419190795032073e-05
-3.336448111610426301e-03
5.017271357829257775e-03
1.001272854709232656e-02
-1.669453267365851243e-03
5.019173157802361493e-03
1.001300559354552366e-02
4.864632715042535202e-07
5.021877509811846496e-03
1.001393063296162310e-02
1.669634365158231262e-03
5.015912637999340833e-03
1.001234483599184287e-02
3.336410938988005129e-03
5.015122805692957993e-03
1.001143179145422973e-02
-5.046126810034981536e-03
-3.340476451270953540e-03
5.815327235290073359e-03
-5.036935165881527461e-03
1.059785981850893712e-03
8.523784537626907798e-03
-5.039706269604456515e-03
1.053909159295488701e-03
1.466037843528222428e-03
-5.028390857044677184e-03
3.597444855788323875e-03
5.822461369335152001e-03
-5.042895242502662412e-03
-2.405858075650096298e-03
1.320021021002531526e-03
-5.043095315543520175e-03
-2.394463909399002170e-03
8.640100420098703604e-03
-5.029383914046743793e-03
3.618651586125988962e-03
2.494828164560684240e-03
-5.028523955016313447e-03
3.594627069544760987e-03
4.163498163723612644e-03
-5.035919399884078787e-03
2.166357683899970774e-03
4.998010534085984419e-03
-5.035168293448738855e-03
2.044771855502605738e-03
6.916226830722399001e-03
-5.041765155932881326e-03
7.439006882014974472e-04
5.837283806591477171e-03
-5.039564362132141831e-03
7.176312541174660435e-04
4.207427503320799664e-03
-5.040428668202790417e-03
-6.505713865342099833e-04
5.005472231513665403e-03
-5.039871546543751683e-03
-6.748214876123385638e-04
6.677960329813924581e-03
-5.041208596885540273e-03
-6.835549681999263279e-04
3.381911639015490727e-03
-5.043512330573329989e-03
-2.037127187336793335e-03
4.393172327349364505e-03
-5.038854600949817415e-03
2.028252934128854917e-03
3.067805594737903728e-03
-5.041584251398649290e-03
-6.916537292416109718e-04
1.657910162688305605e-03
-5.038781109904934968e-03
-6.896726377219068640e-04
8.343391652888023508e-03
-5.032980511405829409e-03
2.567406949519809075e-03
8.595243585046735690e-03
-5.026305726350526609e-03
3.661316819193283049e-03
7.495743383953775915e-03
-5.036947339786446327e-03
2.563173051766759469e-03
1.361467125053775597e-03
-5.047672303027869734e-03
-3.477746326119715743e-03
7.545103137080765195e-03
-5.044115582082186328e-03
-3.536287452072076325e-03
2.389879045518017876e-03
-5.041425094398597866e-03
-1.727867201628639033e-03
5.828132798417684154e-03
-5.044577010471206109e-03
-3.496324947938523556e-03
4.045557861118253933e-03
-5.041942879624980271e-03
-2.041217968380867800e-03
2.808175405927019423e-03
-5.041844388311243590e-03
-2.049761378595508013e-03
7.141854090547808398e-03
-5.040310453960343377e-03
4.844159056420822449e-04
2.755553506845676102e-03
-5.039518931505119342e-03
5.777525167583025516e-04
7.225551910664651523e-03
-5.022166551082354012e-03
3.806779781002884045e-03
8.794311729992822235e-03
-5.048775892431308678e-03
-3.626695079094186154e-03
8.809485501975026361e-03
-5.023710145807889875e-03
3.807973705049831539e-03
1.204554132938060558e-03
-5.045360660336340765e-03
-3.630655968125108286e-03
1.172439255572129812e-03
5.036072130003088100e-03
1.061344263158508962e-03
8.524081201438942976e-03
5.038208977138671808e-03
1.055781370494051231e-03
1.467378777779736318e-03
5.044755596328478510e-03
-3.345183461340547632e-03
5.817982872651167661e-03
5.025506782087347038e-03
3.595260222360562984e-03
5.825624334139301030e-03
5.045563900912645137e-03
-3.335282478818662414e-03
2.598015343700882818e-03
5.041800569223808641e-03
-2.395179792257547211e-03
8.639386149170898491e-03
5.028651041447192334e-03
3.618330400633990290e-03
2.494800257844984655e-03
5.027842984911128597e-03
3.596816250889956889e-03
4.163028793030813801e-03
5.034605698278387526e-03
2.168810317007215799e-03
4.998346146512971759e-03
5.036195168697283828e-03
2.046116242646346325e-03
6.917389158572991893e-03
5.041939790688340813e-03
7.452245496600750025e-04
5.838565954672703291e-03
5.042932093808741995e-03
7.159339902791412181e-04
4.209002618338792377e-03
5.043184290691746750e-03
-6.509741164824328760e-04
5.007810490265311547e-03
5.042896342660073764e-03
-6.855224401212453708e-04
3.383150887538740551e-03
5.040561630228082221e-03
-6.720619570293821224e-04
6.679955694937779638e-03
5.044110378895867892e-03
-2.150893903919157048e-03
4.189817119974622445e-03
5.036488585723665305e-03
2.029127383325530967e-03
3.070244223859033058e-03
5.039477649518282580e-03
-6.897274313079359859e-04
8.343479911329386087e-03
5.032024796947422510e-03
2.568975568695672403e-03
8.593078477268522100e-03
5.043365176460350846e-03
-6.717592276313831068e-04
1.662617032611805531e-03
5.026314088121153212e-03
3.665512458580221650e-03
7.496613870546057178e-03
5.034829476832757521e-03
2.562967797837734443e-03
1.363000951122535827e-03
5.043119464470177150e-03
-3.482095669840389908e-03
7.545077082733401587e-03
5.047563467149872307e-03
-2.306959192184472249e-03
1.357414981020346485e-03
5.041513855035075799e-03
-1.750655178483100094e-03
5.789828438692080394e-03
5.045529535795493896e-03
-3.695284175758960406e-03
4.181717016111727130e-03
5.046755662614113742e-03
-1.830846275914308667e-03
2.637982622413007072e-03
5.041263443018154967e-03
-2.053953432852349305e-03
7.136410188024239556e-03
5.040418556934859844e-03
4.873947740831260380e-04
2.758295231641250903e-03
5.039103350563082541e-03
5.803117189241312939e-04
7.227070798751555718e-03
5.021534809162860220e-03
3.808364164841337041e-03
8.795964446526728653e-03
5.044189380714970972e-03
-3.628574408275531734e-03
8.808222198600173733e-03
5.045657821120764532e-03
-3.619480148983628826e-03
1.181793639312078530e-03
5.022653106683320351e-03
3.806357002086058552e-03
1.203558508427164707e-03
3.597456994469430160e-03
-4.828018790160281716e-03
5.820287274959195546e-03
-3.524941859957089665e-03
-4.824668783680772892e-03
5.814995447485875497e-03
9.903469859848241900e-04
-4.819974972956919332e-03
1.454443960178682582e-03
9.998895631158667696e-04
-4.831270688891388734e-03
8.522101608236245032e-03
-2.562832137863861950e-03
-4.821967488676471604e-03
1.316139258248882372e-03
-2.547961089240432814e-03
-4.829279848320868970e-03
8.635922437443443317e-03
3.621979822098688167e-03
-4.819970765695597882e-03
2.476795149020965224e-03
3.595880334157288728e-03
-4.824333685680187202e-03
4.151606372235549201e-03
2.135826166644528862e-03
-4.828370803421756438e-03
4.990777264413021920e-03
2.011250950220617052e-03
-4.831100141373855829e-03
6.914371919663805065e-03
6.768277203246013613e-04
-4.831752882587392849e-03
5.832082540808226911e-03
6.490918081136289345e-04
-4.830159374086731745e-03
4.199969809382931782e-03
-7.552707594524126844e-04
-4.830156615758777680e-03
4.999738720136127045e-03
-7.813803685562938041e-04
-4.832513839258028611e-03
6.672538165320912769e-03
-7.909928560311707720e-04
-4.827077175120444985e-03
3.376646980282861036e-03
-2.183504726851691856e-03
-4.825775416894606540e-03
4.390526487342818508e-03
-8.009407844173044256e-04
-4.825728087777007499e-03
1.650966939183453252e-03
1.991967760954928279e-03
-4.825113014252885128e-03
3.055712301270072182e-03
-7.973266474829116901e-04
-4.834435835721659185e-03
8.337321821083773857e-03
2.545463516083311048e-03
-4.829485717561881990e-03
8.598616994756605111e-03
3.664791625267510653e-03
-4.831728027856415503e-03
7.501793085385405867e-03
-3.666290911933409863e-03
-4.823328263548636030e-03
7.543608727633220427e-03
2.539795302620428356e-03
-4.818274176360756722e-03
1.346937271776436733e-03
-3.719141707685184785e-03
-4.824762803401157034e-03
2.387744556399693917e-03
-1.863011136263285298e-03
-4.829108799691997009e-03
5.823541008237345488e-03
-3.680591509825090982e-03
-4.827693906635606956e-03
4.045592389672443383e-03
-2.185741756731737328e-03
-4.826336679397628948e-03
2.805142745285810549e-03
-2.197003744741053005e-03
-4.829951117270602813e-03
7.136821706616467385e-03
5.066561779319602582e-04
-4.834859836109532683e-03
7.221128899629538668e-03
4.068437614232293118e-04
-4.826330641064382337e-03
2.746741771413000778e-03
3.814681948755998132e-03
-4.828268182163223017e-03
8.807254699940080325e-03
3.815870237491770459e-03
-4.819573535568999478e-03
1.179032256625622442e-03
-3.817070794454134521e-03
-4.822563838770060549e-03
8.806152596675782818e-03
-3.821444458505721467e-03
-4.819534084128227272e-03
1.171673072212244676e-03
3.570885830558734840e-03
5.014280884265839670e-03
5.821980525026859699e-03
-3.500230405332357096e-03
5.016486188688385785e-03
5.816188186999491326e-03
9.794681351415087094e-04
5.014599948002433291e-03
1.483976384033379881e-03
9.949487075635089252e-04
5.013799122114104626e-03
8.503499212741323990e-03
-2.543067592826014824e-03
5.012091528890216981e-03
1.348611414191750769e-03
-2.527025415598478392e-03
5.017525636657502869e-03
8.619917706244898878e-03
3.596719062964195447e-03
5.019286005224147910e-03
2.504542892196833567e-03
3.573624448087010276e-03
5.014699586748070335e-03
4.164149995376007114e-03
2.118523923368711981e-03
5.021057257488419252e-03
4.998486587362634126e-03
1.996914588124987754e-03
5.022245646661869720e-03
6.905904704648438593e-03
6.710059138911065799e-04
5.024418491131741292e-03
5.835206843341577028e-03
6.423180339399877682e-04
5.017395758908576621e-03
4.214334426882014248e-03
-7.511691776578299524e-04
5.015866778238790152e-03
5.008562760525839611e-03
-7.733273619723384732e-04
5.015556473866110421e-03
6.669985194876386532e-03
-7.859249080022797209e-04
5.023693832947945075e-03
3.398151607990979040e-03
-2.168199683478760562e-03
5.021935823345473338e-03
4.405226427236024270e-03
-7.975404906782092296e-04
5.021193117124969629e-03
1.679428869692393359e-03
1.978313724813789923e-03
5.021092356145955178e-03
3.077390464994302337e-03
-7.897494941924971092e-04
5.017924335703645433e-03
8.325032823295259662e-03
2.524863530972861619e-03
5.020429874647223435e-03
8.580004674794930453e-03
3.639700099069498318e-03
5.016683439126565919e-03
7.489725207496178254e-03
-3.639779824047416779e-03
5.015504663535881244e-03
7.532116209630085150e-03
2.516772112327822844e-03
5.018497618707673871e-03
1.380275689554556285e-03
-3.695259097700554461e-03
5.018187866243519965e-03
2.414564806123085505e-03
-1.847304680230052107e-03
5.020444950224733742e-03
5.826387779940568439e-03
-3.656544082152907594e-03
5.013286868505214405e-03
4.058769050811351919e-03
-2.168548963379077644e-03
5.015944866859947150e-03
2.829677484499195598e-03
-2.180501094238315989e-03
5.016557775113639553e-03
7.129650805368691405e-03
5.043481340820133449e-04
5.018857285488805171e-03
7.213398083890780813e-03
4.013424927170765647e-04
5.017411507828812255e-03
2.769897195072986307e-03
3.784450756915136438e-03
5.013634855726078858e-03
8.787058611894554491e-03
3.785742111918871233e-03
5.012626081132373450e-03
1.215425373296892108e-03
-3.786486450379059066e-03
5.012320088924904563e-03
8.787372576235585181e-03
-3.793737003064667594e-03
5.012877840621174884e-03
1.205385308259573256e-03
8.000481945564909617e-04
3.360378421384959714e-03
-2.834415588280682374e-05
7.820448649556264054e-04
-3.261764022475371720e-03
-5.053890871942206029e-05
-3.591159185429304308e-03
9.012829093433168950e-04
-3.959349584941750691e-05
3.536440646241827915e-03
9.058576674144109935e-04
-3.974937161800371876e-05
-3.626809233250832647e-03
-2.301670166463936403e-03
-4.721087615072932993e-05
3.521357390905801785e-03
-2.239045997209684457e-03
-4.963462228345323418e-05
-2.563656096278739849e-03
3.603099599681833503e-03
-2.629059859657272800e-05
-3.593473534105444140e-03
-7.159815149892050090e-04
-4.369570689290593301e-05
-2.132954091772820953e-03
8.983712269338638937e-05
-4.451607637337801163e-05
-1.991693803724443011e-03
1.973859745301266566e-03
-3.989150390921820721e-05
-6.750240178254502971e-04
9.074393892419858757e-04
-4.373168296804071532e-05
-6.769500004812243829e-04
-7.305166840984499360e-04
-4.542100248549324736e-05
7.490242583314438455e-04
8.758258425061041859e-05
-4.360359541412867540e-05
7.791565059150442653e-04
1.727906440147630989e-03
-4.027841146141587244e-05
7.493484295525505885e-04
-1.518981655636879400e-03
-4.798531313143758378e-05
2.279318181313355618e-03
-7.063939229570833029e-04
-4.475059497950622530e-05
-7.084215776839031947e-04
-2.328390255214698827e-03
-4.877126373370722055e-05
3.631491987699994855e-03
2.599365506353200437e-03
-3.696686179915144196e-05
-9.841849020414286751e-04
3.536732729558753150e-03
-2.830543824042954892e-05
-2.146862794261288065e-03
-1.529675530104381053e-03
-4.601174148616859111e-05
-2.311905534047759957e-03
-3.305675784631782830e-03
-4.936771942363113848e-05
2.517614794923359826e-03
3.664630250940011710e-03
-2.794941224837502720e-05
2.514809074715377776e-03
-3.464484312094147714e-03
-5.031326636232452844e-05
-3.658877543495935372e-03
2.536317660743119245e-03
-3.687348521488503273e-05
1.882592438189243777e-03
8.596839384779656704e-04
-4.251529069114513441e-05
3.885391658949511901e-03
-6.953207165373692916e-04
-4.353794697993396964e-05
1.969735200987518097e-03
-2.238901612367670199e-03
-5.041475104735060184e-05
2.190891409152144823e-03
2.185150079152293947e-03
-3.781611595487865903e-05
-8.119514575001773827e-04
-3.715817638831457950e-03
-4.911370140095622520e-05
-4.823863927268592379e-04
2.270276768854324716e-03
-3.976126464710157718e-05
3.793019427607864386e-03
3.806607998323850283e-03
-2.211366696300819869e-05
-3.814887511593977997e-03
-3.622469267018518964e-03
-5.106268595865331647e-05
-3.795902659099364366e-03
3.807462787352142858e-03
-2.651138447376925571e-05
3.816435628601325906e-03
-3.616581770425838799e-03
-4.770619605630629473e-05
-3.588639974924683323e-03
8.926556330598518383e-04
1.003737216027397912e-02
7.986368831563153605e-04
3.360767571778985885e-03
1.002690008242961180e-02
7.805794905115375241e-04
-3.276038996156164281e-03
1.004104482551073686e-02
3.534100673546652135e-03
8.966929405917820192e-04
1.003703042946990816e-02
-3.623509277874967845e-03
-2.310538540232128131e-03
1.003821729754994854e-02
3.515059436506478164e-03
-2.251097593196903137e-03
1.003826705283620419e-02
-2.564847927310553305e-03
3.599902792956053560e-03
1.002397752171778865e-02
-3.590931601681866554e-03
-7.275869806898156060e-04
1.003811026871292630e-02
-2.131446485442336017e-03
8.190327136667096056e-05
1.003674455489368157e-02
-1.991253124631869615e-03
1.969186913259136223e-03
1.003879090368056497e-02
-6.754240790713915681e-04
9.036614778118932890e-04
1.003925352649316823e-02
-6.743258363539534651e-04
-7.368763593443146366e-04
1.003681285634526639e-02
7.491284106045628839e-04
8.382148386203473137e-05
1.003756911714867410e-02
7.780567759561233089e-04
1.725096263189405347e-03
1.003711008524515655e-02
7.476559914464561392e-04
-1.528984319751991320e-03
1.003587935057921252e-02
2.274106843885295975e-03
-7.162334145311969507e-04
1.003751450875724378e-02
-7.059901337057024155e-04
-2.342316456830863605e-03
1.003675871546925481e-02
3.629750368721010485e-03
2.595872971421572892e-03
1.003259737474845176e-02
-9.888379070224337288e-04
3.536798521636971317e-03
1.002484169559532401e-02
-2.142102885650397533e-03
-1.539429865858790627e-03
1.003698803025165377e-02
-2.312201841822495232e-03
-3.318257274973055414e-03
1.003903580191768327e-02
2.516246140591340847e-03
3.665226166030739231e-03
1.002540572977909765e-02
2.511328182168098919e-03
-3.480114025695586148e-03
1.003969709177602795e-02
-3.656979249186274785e-03
2.531868823424796282e-03
1.003230181628553958e-02
1.881671610804681915e-03
8.557715504224226635e-04
1.003840118229243350e-02
3.879470558711095498e-03
-7.074753993622182610e-04
1.003892287481651310e-02
1.966108151297495631e-03
-2.252552907092794220e-03
1.003553706882988512e-02
2.190158249424471303e-03
2.181748830180709614e-03
1.003554103536867005e-02
-8.146508716766926199e-04
-3.729337922000169891e-03
1.003703842652721445e-02
-4.830191255308083007e-04
2.267782667909279404e-03
1.003481849893727434e-02
3.795048306565767214e-03
3.807744167704306230e-03
1.002277944988256078e-02
-3.815143561246971647e-03
-3.630791722680796248e-03
1.004089765074708471e-02
-3.793196294264795671e-03
3.807041088933279735e-03
1.002392646053751508e-02
3.813813750144559849e-03
-3.629585426683459241e-03
1.003951537190276959e-02
-3.537158939506143771e-03
-3.745546584216558582e-03
4.831282942425254266e-03
-1.461867012384233958e-06
8.107140383996443622e-05
4.999495900196802151e-03
-1.781387409175383841e-03
-1.657140806435025834e-03
6.114320895614445799e-03
-2.529118407459798878e-03
-2.378982094582039655e-03
2.484556896149351518e-03
1.865088577284183119e-03
-1.696680266444299456e-03
3.120807492537706982e-03
1.857117983656618974e-03
-1.704110385763373285e-03
6.876373337479800910e-03
1.176992569196382270e-03
2.086057738503839781e-03
3.008272910153778935e-03
-1.587638882678640406e-03
2.113348650972369895e-03
6.594451546603224794e-03
1.599146256798507013e-03
1.614397264475081429e-03
7.086035734510627744e-03
-2.038054838192924004e-03
1.239628792652875192e-03
2.974842153623399269e-03
2.605789721204068536e-03
2.663255493589005828e-04
5.031634910516126144e-03
-3.237012781086030105e-04
-2.498378778560186256e-03
4.182880349339302209e-03
-1.641671100294292819e-04
-2.788420469311316268e-04
7.549776635723424653e-03
-3.623000538083562868e-04
-6.031811196547014545e-04
2.502840152276518317e-03
2.666002076822196823e-03
3.668190146589820353e-04
2.213217456941002359e-03
-2.618675559607234245e-03
1.240532441936792473e-04
7.588537950965135864e-03
-2.786261764076821724e-03
2.492904843303415593e-04
5.058233484942249204e-03
-2.178615500122448620e-04
-2.634261344616364246e-03
7.655081740307788374e-03
1.624367681260539885e-04
2.812630456668497713e-03
5.077398664521408714e-03
2.601299575966044449e-03
2.658600878716179360e-03
5.121774784723274153e-03
-2.873970636171395508e-03
-2.718321960420071268e-03
7.857528796552212119e-03
-2.972242263524204568e-03
-2.394934892423472832e-03
4.546149606423640667e-03
2.570120836272703495e-04
-2.773658336671733921e-03
2.053618977725545167e-03
1.426067466217812795e-05
2.961604886946658539e-03
7.938100323410319376e-03
2.993628834035318154e-03
-1.840240508357865500e-03
5.000242881491987271e-03
-2.959709122929992178e-03
3.005677475146724918e-03
2.056578662035688735e-03
2.954005517148852386e-03
2.978977796135986837e-03
2.050910704959290568e-03
-2.758602835108885445e-03
2.756701662020169877e-03
4.631113951097421376e-03
2.941740237349658570e-03
-7.717773466667896624e-06
7.846023610967979914e-03
-7.350902639085187202e-04
2.803979603252283910e-03
2.119027684025388304e-03
2.996532908526760870e-03
3.017047487055467703e-03
7.946648823398934705e-03
-2.993203007301131757e-03
3.017506398991582489e-03
7.974473154587862628e-03
3.082724406723618554e-03
-2.914534253857869062e-03
8.062466689748965312e-03
-2.941025120991935977e-03
-3.857031271518900268e-04
1.971417547281543482e-03
1.313266117954829931e-03
-2.967762697488232626e-03
5.354608225526987127e-03
3.084835947602901276e-03
-2.901359435166341819e-03
1.911884346882043902e-03
-1.638942524454661343e-03
-1.012163234618165559e-03
4.012452060907258089e-03
1.197674927049323943e-03
5.827481406129367383e-05
3.459363967943893461e-03
2.171575014158074423e-04
1.034418266085480745e-03
1.690904525045146484e-03
1.535367618857496274e-04
-1.563726920161341094e-03
5.953568473248231629e-03
-1.164724273756874602e-03
1.185526906017807551e-03
8.207632235048023875e-03
1.294042098955050339e-03
-7.554827237488090678e-04
1.591474137285945906e-03
3.246304382282084663e-03
1.511845708441945458e-03
3.681481110906833099e-03
-1.315052783763364687e-03
1.476145176345315625e-03
4.774316979669512850e-03
-1.599840845147313404e-03
-1.352636450659639323e-03
8.202304990100805701e-03
-8.200987823301645252e-04
-3.200477527682272626e-03
5.838450491387466544e-03
3.335924700540489861e-03
1.415780120650104003e-03
6.333976694588512417e-03
1.268722535714768025e-03
-4.193643695097205425e-05
6.370316651973910622e-03
-2.629183232591668796e-03
-3.235893223283706297e-03
6.122815924898448829e-03
-1.338777900240522081e-03
3.469692591176148748e-04
6.260225051151290139e-03
3.238878068829659142e-03
-6.351187880189348815e-04
3.600677402143589740e-03
1.207057595449282641e-03
3.374499044717085491e-03
6.535715688425312517e-03
1.215681236576135341e-03
1.380971699929301301e-03
4.689121305338083898e-03
-3.378277015945835640e-03
1.349883340178702337e-03
6.427623811225616560e-03
2.486394480260565969e-03
-3.255664056199659637e-03
3.905266214257535878e-03
-3.579087569506961015e-03
-3.297714480667475641e-03
3.329113627304183289e-03
-1.154694869382195087e-03
3.286627047554873966e-03
3.860949844371042508e-03
-3.373724550636198350e-03
-1.319251778744003978e-03
6.887798049639664438e-03
1.392273215520779253e-03
-2.496447333856529390e-03
8.379877948925812045e-03
7.546477299031351116e-04
9.033833700231593640e-04
8.472048284780974228e-03
1.243103133461662254e-03
-7.684757631079919618e-04
8.515454522660873340e-03
3.304205919244884802e-03
-1.177317491745168447e-03
1.603867108252406528e-03
2.934556503298600769e-03
-3.190408930802234814e-03
6.234325122861122080e-03
1.383284119296296182e-03
-1.137344443127905665e-03
4.739287150321775006e-03
7.842722088790078422e-05
1.414205167272130801e-03
6.159828955599024394e-03
-2.666890868495984217e-03
3.491581116484537405e-03
6.266865763990183552e-03
-3.376143527821405792e-03
-8.709598936000492427e-04
3.881584895579769188e-03
-2.306056174126809230e-04
1.096972917509644744e-03
3.416747963832188466e-03
