-5.093222534829360167e-03
-4.659363157526213994e-03
1.007463612951856741e-02
-5.088952365316028181e-03
-4.647529891124463353e-03
-1.007830574177619653e-04
-5.016998853827361188e-03
5.025832976459249438e-03
1.001538833645256206e-02
-5.017453756232570332e-03
5.028491483921064195e-03
-1.595215475991182104e-05
5.090079244721052408e-03
-4.657762426466258328e-03
1.007505457084386345e-02
5.096474587929609654e-03
-4.631709165065629914e-03
-1.047226843586512689e-04
5.017327412696331347e-03
5.026284114253452839e-03
1.001721124233338929e-02
5.015824897464988934e-03
5.026476498637042455e-03
-1.762602387508687825e-05
-5.083906606261525372e-03
-4.652652108378035022e-03
1.591593181420478554e-03
-5.088005433463105298e-03
-4.656659394853102964e-03
3.290498525609094217e-03
-5.087495020360688867e-03
-4.655189278299413577e-03
4.984380697787691404e-03
-5.097745622344098011e-03
-4.642898992423130124e-03
6.678362399127804779e-03
-5.099606246185914120e-03
-4.643609321507703204e-03
8.375103134997013629e-03
-5.087837242183680664e-03
-3.046273691254959472e-03
1.008054647357488863e-02
-5.080749629330090500e-03
-1.440973724165077637e-03
1.007827840190217601e-02
-5.072424492145766704e-03
1.734883932549209401e-04
1.007726940818071647e-02
-5.069837536031697976e-03
1.785743940725132784e-03
1.007097711303892376e-02
-5.051610684375078958e-03
3.409238991890685237e-03
1.005463336141806940e-02
-5.024371335823700144e-03
5.032979950404426958e-03
1.657798882408025379e-03
-5.025718901666823002e-03
5.034655948442577807e-03
3.329405739260040895e-03
-5.028753173899171494e-03
5.041095283353422968e-03
5.000252758079937535e-03
-5.026400669053300053e-03
5.036108290589702552e-03
6.671478791303309119e-03
-5.022856393817498599e-03
5.031464409561646131e-03
8.339301336652733820e-03
-5.089231946349690068e-03
-3.033945804736603875e-03
-9.859533134408678492e-05
-5.083791150321371501e-03
-1.420122862505401960e-03
-9.013866414158761475e-05
-5.079863040417734697e-03
1.939066064534171712e-04
-8.336861007846377292e-05
-5.077809167157462319e-03
1.799960103123733049e-03
-8.062125276487179027e-05
-5.061142739401617435e-03
3.416189929145249052e-03
-6.093696465890807929e-05
5.090261838892295478e-03
-4.643372030768786601e-03
1.591570961220635906e-03
5.096474519401464690e-03
-4.642296141632924755e-03
3.287802470925301618e-03
5.085315833748311684e-03
-4.661336303113284771e-03
4.984386192216525187e-03
5.095467700241581958e-03
-4.654612986876934151e-03
6.681788518296482259e-03
5.087904673294296048e-03
-4.657833067209086499e-03
8.376636987287156347e-03
5.087425820976773129e-03
-3.050733934658428261e-03
1.007798792996040735e-02
5.077797335104348997e-03
-1.441647993518704266e-03
1.007695892328680162e-02
5.072467745545551285e-03
1.719207768476891979e-04
1.007655064640902536e-02
5.071075837595794347e-03
1.791418305121228764e-03
1.006924571043179423e-02
5.053528551815720561e-03
3.409223810631036109e-03
1.005508154151686998e-02
5.021926164865711702e-03
5.031471776288386905e-03
1.659824300392356454e-03
5.027987883410203751e-03
5.039072994395951341e-03
3.324375408411387248e-03
5.027298459598338043e-03
5.037777143090367039e-03
5.004448305221347211e-03
5.026691087426582265e-03
5.039387580103680576e-03
6.671775690552283339e-03
5.022137406914158921e-03
5.034322990078789715e-03
8.340676706541634219e-03
5.095346159468762577e-03
-3.027119181214410655e-03
-9.613053822347077245e-05
5.090661327060431486e-03
-1.413498044298514521e-03
-9.145229262214951140e-05
5.083549235499793852e-03
1.989076435176728903e-04
-8.299429217417073372e-05
5.080630829223714041e-03
1.805790203746133506e-03
-7.836510165053969660e-05
5.057836823735131770e-03
3.421066418260552879e-03
-6.163108236761865959e-05
-3.392760895600144700e-03
-4.629303518621345065e-03
-1.181065517771107343e-04
-1.699983679777215383e-03
-4.633601693128922526e-03
-1.162978509901138136e-04
3.466462444466659995e-06
-4.634661445879477426e-03
-1.113409952312082238e-04
1.705980349704744716e-03
-4.626704800913027452e-03
-1.139612799748230447e-04
3.399251045793968713e-03
-4.622053169073384732e-03
-1.144809687537452883e-04
-3.400444040043079826e-03
-4.673702900614365267e-03
1.006503896711333917e-02
-1.704323476989890070e-03
-4.670848549686019806e-03
1.007233221869252397e-02
-4.423627168780251775e-06
-4.665281962277516639e-03
1.007510242548269666e-02
1.698202957914888905e-03
-4.654798721653894550e-03
1.008427263694761447e-02
3.395058474157511275e-03
-4.661314665274740414e-03
1.007535924690317400e-02
-3.341068822189507872e-03
5.031532506135632556e-03
-2.320875591913934487e-05
-1.669154779570306262e-03
5.040126509043539767e-03
-2.603059072677845026e-05
1.400109433837303890e-06
5.044676544887311161e-03
-3.238411878616327222e-05
1.670550274250901966e-03
5.034166738059258316e-03
-2.737996220064512200e-05
3.341374461948672277e-03
5.033822454090083540e-03
-2.157126382799187707e-05
-3.339847803762094162e-03
5.034621865485790215e-03
1.002509884231434292e-02
-1.671832750804630756e-03
5.038303365084876445e-03
1.002560051784654599e-02
9.967060957994420888e-07
5.043620712296405413e-03
1.002736715138645256e-02
1.672167323156014329e-03
5.031809563496252198e-03
1.002435657402164608e-02
3.339785855793702459e-03
5.030336078316187572e-03
1.002256438772961694e-02
-5.091855033551215791e-03
-3.193293911921079708e-03
5.814628863049393741e-03
-5.073270669204819547e-03
1.127004070182947588e-03
8.549039350342150720e-03
-5.079087082137702380e-03
1.128547058186466423e-03
1.438099799610364224e-03
-5.056385059081767303e-03
3.630518912595700944e-03
5.824927322747188926e-03
-5.085503591649487981e-03
-2.273691207180220022e-03
1.283474331701604495e-03
-5.085653129388012332e-03
-2.269569577260081676e-03
8.667150946440651746e-03
-5.058529875038866863e-03
3.648307926893678069e-03
2.482817226307870023e-03
-5.056821838300877905e-03
3.625966985452254519e-03
4.161096887386949057e-03
-5.071354741315130081e-03
2.215896466537991584e-03
4.997952479948233884e-03
-5.069795175249355162e-03
2.095558507815655381e-03
6.927192469795040095e-03
-5.083017584893471767e-03
8.161588752231127217e-04
5.841241390598446437e-03
-5.078707669458664732e-03
7.916511446187856835e-04
4.199654500036143281e-03
-5.080438447213308541e-03
-5.545345349784456309e-04
5.002467790666598191e-03
-5.079252052697093463e-03
-5.782185949743355591e-04
6.688306962863804078e-03
-5.082019761348080186e-03
-5.844957502290272109e-04
3.364442760147322298e-03
-5.086594601227621346e-03
-1.913634525895660131e-03
4.381658592261361562e-03
-5.077324352203613743e-03
2.082674694440501701e-03
3.054685622805731159e-03
-5.082850606432311354e-03
-5.894402653586105134e-04
1.627583397061784431e-03
-5.076951676691594806e-03
-5.930125972708874451e-04
8.369044679200642739e-03
-5.065391859692107250e-03
2.612040818614769656e-03
8.617130877532939298e-03
-5.052219308544446223e-03
3.690324486922913049e-03
7.505373639970287780e-03
-5.073647043110496649e-03
2.610908611165231163e-03
1.336134440794142396e-03
-5.094951700746552271e-03
-3.328923682501715425e-03
7.559990553299241432e-03
-5.087911402705038236e-03
-3.389355496045220670e-03
2.360842915071259800e-03
-5.082419582633365511e-03
-1.612865664407846884e-03
5.830525603064313361e-03
-5.088787237259397023e-03
-3.348783062592490360e-03
4.030134756654277749e-03
-5.083531582375764440e-03
-1.918523518974215051e-03
2.783775614772840759e-03
-5.083233906408935257e-03
-1.927020852459624799e-03
7.155836509587222734e-03
-5.080270016100485973e-03
5.651870445099014964e-04
2.735981142612805856e-03
-5.078457394524026058e-03
6.517129023188625693e-04
7.240642691931191421e-03
-5.043986507271097826e-03
3.833329617448016230e-03
8.808423792703039615e-03
-5.097207289133644410e-03
-3.477896363620152937e-03
8.837658174921769749e-03
-5.047289107505519186e-03
3.835981904513884825e-03
1.189301329665703620e-03
-5.090422814495329518e-03
-3.476954520720521372e-03
1.132047115102669107e-03
5.071654676099899249e-03
1.130027234759537575e-03
8.549559950107607151e-03
5.076182210384437565e-03
1.132388615510914170e-03
1.440861505326521824e-03
5.089215934613339209e-03
-3.202491877887723472e-03
5.819911192890877411e-03
5.050744920950793297e-03
3.626227043684522242e-03
5.831170829566684546e-03
5.090858359490027345e-03
-3.187309743984419359e-03
2.571089521459759848e-03
5.083220331962417030e-03
-2.271022085127509353e-03
8.665627582553060010e-03
5.057117929528866067e-03
3.647705008142655171e-03
2.482858189002818718e-03
5.055396087285220046e-03
3.630334927175678933e-03
4.160184653592144746e-03
5.068875153082674605e-03
2.220713427565653483e-03
4.998584292099515942e-03
5.071927326259543199e-03
2.098253523401276757e-03
6.929507275466787082e-03
5.083415156603287612e-03
8.187739507410257992e-04
5.843747171639964225e-03
5.085446355912971381e-03
7.883925442147640293e-04
4.202809897985443875e-03
5.085947022679834090e-03
-5.553685961901970230e-04
5.007068785051035399e-03
5.085461047083174486e-03
-5.863580249245723200e-04
3.367901965539347228e-03
5.080717048468729249e-03
-5.728346432086116281e-04
6.692201772656943687e-03
5.087928961801570921e-03
-2.027124016166681215e-03
4.179863429578450744e-03
5.072673546712138867e-03
2.084464412014320946e-03
3.059575219934352556e-03
5.078511761810543430e-03
-5.931174521615047374e-04
8.369094749727324159e-03
5.063610420535317146e-03
2.615117697710247786e-03
8.612750522289385965e-03
5.086521506388559655e-03
-5.665710047984446078e-04
1.632965603291241727e-03
5.052280419419696161e-03
3.698639162104413319e-03
7.507023676424970544e-03
5.069509964842587590e-03
2.610626463549670442e-03
1.339209448322365402e-03
5.085964778012060268e-03
-3.337535498070653712e-03
7.559923747372039766e-03
5.094941566139541897e-03
-2.172868866014471614e-03
1.321231934570250583e-03
5.082657960318918110e-03
-1.635506579089409350e-03
5.794852436501597530e-03
5.090808971912748684e-03
-3.543795958138240380e-03
4.168361732162464972e-03
5.093227037281002588e-03
-1.709532330751310824e-03
2.614361880644064991e-03
5.082135571001809848e-03
-1.932422256660517972e-03
7.150864919305104962e-03
5.080541992708523941e-03
5.682436763473921147e-04
2.740499540316703245e-03
5.077715557413612670e-03
6.567564647266672896e-04
7.243585885070574423e-03
5.042787299345305452e-03
3.836481142145934872e-03
8.811656308821821590e-03
5.088109382132209937e-03
-3.481681393249081661e-03
8.835084957977634712e-03
5.091136349926622846e-03
-3.462587522974087690e-03
1.142624354075277198e-03
5.045267936200983037e-03
3.832921910081717003e-03
1.187348821238383249e-03
3.630851958361349090e-03
-4.661182133673776734e-03
5.819167758563842906e-03
-3.557715955588407804e-03
-4.654674851133471999e-03
5.813633767292557958e-03
1.002767521184797688e-03
-4.644804511267574924e-03
1.413566007362895664e-03
1.008803234992047045e-03
-4.668262060940021538e-03
8.544568586526685508e-03
-2.584558391214527174e-03
-4.648589735704534466e-03
1.274974140136958143e-03
-2.572802032807442862e-03
-4.664157375051221355e-03
8.658237441740339671e-03
3.654923908247287734e-03
-4.644818732996804089e-03
2.445176985761419401e-03
3.628725954428369850e-03
-4.653771623329393432e-03
4.135804598315504649e-03
2.155664962124042607e-03
-4.661962865188409161e-03
4.982140403741916988e-03
2.029513741718705268e-03
-4.667612833535082772e-03
6.922295879375744282e-03
6.836922218012912679e-04
-4.668747397155776149e-03
5.829686247735658099e-03
6.562369272756024769e-04
-4.665464598387039814e-03
4.183490002632544134e-03
-7.614698204291426697e-04
-4.665474752151038684e-03
4.990091660506417240e-03
-7.886773197894830865e-04
-4.670304182648648932e-03
6.676665061791472143e-03
-7.969170453737307739e-04
-4.659203277539982965e-03
3.352926500809261679e-03
-2.202890368295082248e-03
-4.656771833517906259e-03
4.375690609527636485e-03
-8.058471921062982605e-04
-4.656135260405844072e-03
1.612637225948854777e-03
2.010958106598757789e-03
-4.655185180639189423e-03
3.029002217780411583e-03
-8.055834015803729200e-04
-4.674377747464349489e-03
8.356055835451580566e-03
2.568901237154653291e-03
-4.664601255705588638e-03
8.622628269896634792e-03
3.697533612487776018e-03
-4.668684263993504342e-03
7.516125299070622670e-03
-3.701424299074116200e-03
-4.652209749881814661e-03
7.556764810947786890e-03
2.564657480664643639e-03
-4.641176512082546834e-03
1.305499946746264397e-03
-3.751108927119552097e-03
-4.654239441838898921e-03
2.356187987934488595e-03
-1.879921814266492883e-03
-4.663498114381724874e-03
5.820674411247183516e-03
-3.713016889160368570e-03
-4.660347048697468381e-03
4.029921253539382742e-03
-2.204379240131686905e-03
-4.657492863109871824e-03
2.776955478725245431e-03
-2.217916945428814995e-03
-4.665356045474501612e-03
7.145194381159411870e-03
5.113729781410632181e-04
-4.675079511334914034e-03
7.230761577774830196e-03
4.117363544341768353e-04
-4.657628013209601410e-03
2.717079566952233707e-03
3.849278951061312418e-03
-4.662000618737001216e-03
8.832943167581038674e-03
3.851742634089838808e-03
-4.643560743763062125e-03
1.136678594239833246e-03
-3.853943934595263892e-03
-4.650758451173458465e-03
8.830746529799078301e-03
-3.854710776341677483e-03
-4.643655979403560861e-03
1.130119255247234332e-03
3.577632959499535241e-03
5.028439375461921969e-03
5.823948303755504055e-03
-3.508291620629809451e-03
5.032808654092528998e-03
5.817372407871415803e-03
9.808743216796048971e-04
5.029174070981015307e-03
1.474162773916269393e-03
9.988158300662948984e-04
5.027386136691020489e-03
8.508908803809552696e-03
-2.545060208174042705e-03
5.024188317612245276e-03
1.341348803530085154e-03
-2.530911392515236297e-03
5.034896232753073402e-03
8.627644250315695540e-03
3.604273542148319145e-03
5.038547514057166617e-03
2.502225651292913980e-03
3.584036700442872186e-03
5.029358435647500979e-03
4.162368698266906593e-03
2.120966260864628247e-03
5.041839040325415099e-03
4.998994275122930174e-03
2.000727879872469910e-03
5.044100975904887429e-03
6.906787160283451611e-03
6.719286026077659008e-04
5.048436959873843499e-03
5.837361361840778806e-03
6.426194163589415542e-04
5.034546382857441917e-03
4.213711048431639968e-03
-7.533592426474493287e-04
5.031495747449972987e-03
5.009125955294937461e-03
-7.726538944822354494e-04
5.030855740660953451e-03
6.672905526790126954e-03
-7.867962522487016155e-04
5.047080111772036734e-03
3.397419803751155522e-03
-2.172293526392842563e-03
5.043618314817065358e-03
4.406484848734472035e-03
-7.990564546231888410e-04
5.042289900862511470e-03
1.671094982690804085e-03
1.983475507702972714e-03
5.041999701600630157e-03
3.073898708033044342e-03
-7.904350522687640006e-04
5.035617817957544623e-03
8.332871919422345924e-03
2.527572701331309932e-03
5.040599862270614927e-03
8.586845511490984184e-03
3.647231199115517821e-03
5.033212883918811859e-03
7.493369090660146649e-03
-3.648346031846774577e-03
5.030858982328618653e-03
7.535189752386721798e-03
2.518466041353832272e-03
5.036992028266273555e-03
1.373712030136592247e-03
-3.703316583050708741e-03
5.036372137953289314e-03
2.411257523970453381e-03
-1.848505331391120995e-03
5.040578934370547499e-03
5.827783549414984436e-03
-3.664971818754049308e-03
5.026433132250950064e-03
4.057559283283307047e-03
-2.170057809788434201e-03
5.031745557502914287e-03
2.827452651672387324e-03
-2.184878929712768918e-03
5.032908148116216340e-03
7.132250789172711256e-03
5.066240311874560531e-04
5.037412708648760992e-03
7.216724971163991989e-03
4.006896194558432541e-04
5.034699509203515409e-03
2.764935661926318494e-03
3.788775847017508518e-03
5.027200654027698216e-03
8.793995853425365730e-03
3.791414714394483569e-03
5.025372888714517081e-03
1.210966768224212712e-03
-3.792817854533370257e-03
5.024604904544735344e-03
8.794632924705336752e-03
-3.799383974448139727e-03
5.025890460028670410e-03
1.198916254400562422e-03
8.029854601381198644e-04
3.394705507136771844e-03
-5.657371227980749798e-05
7.901006344185489052e-04
-3.113871415167028620e-03
-1.018342940866961993e-04
-3.618116521329834984e-03
9.813281068761507860e-04
-7.918114858396746285e-05
3.563719923407858772e-03
9.866053393371254469e-04
-7.941067739983929280e-05
-3.659441163116177072e-03
-2.169984917317980492e-03
-9.496747656863241741e-05
3.555679859300750738e-03
-2.104604550039473106e-03
-9.980737815784958625e-05
-2.572188342100653353e-03
3.636215567770290352e-03
-5.252442638389631023e-05
-3.622792733369738314e-03
-6.089526338364416183e-04
-8.764910058489551578e-05
-2.149793876948747229e-03
1.791821267543779964e-04
-8.912626896540291486e-05
-2.005280722585519974e-03
2.032161119096863224e-03
-7.962826928224848110e-05
-6.800389625031374096e-04
9.808192751513721344e-04
-8.742784080562537516e-05
-6.838550185334673270e-04
-6.299199194191713825e-04
-9.113297383159604543e-05
7.540202084628045212e-04
1.737559774990241534e-04
-8.737835538117923976e-05
7.842518257981807286e-04
1.788084579097532845e-03
-8.043305044029867368e-05
7.556914648740410212e-04
-1.404224930585582691e-03
-9.632366021619641631e-05
2.299594387575782523e-03
-6.026458311484063531e-04
-8.980567619827666470e-05
-7.147885561586121662e-04
-2.198566298076838708e-03
-9.806869604076022236e-05
3.655849275317740472e-03
2.645695129857746943e-03
-7.374556241283444986e-05
-9.843381005954557599e-04
3.569639252084413558e-03
-5.644300860828288416e-05
-2.166621148251580368e-03
-1.413622936612221820e-03
-9.241993197268215756e-05
-2.332691017812840197e-03
-3.156670512891929323e-03
-9.944116457921116576e-05
2.529065716198311640e-03
3.692518778642594080e-03
-5.571098332254137365e-05
2.540620743053887028e-03
-3.306442526146730499e-03
-1.014477366366228273e-04
-3.683600573356018027e-03
2.585366850702182709e-03
-7.360063082739018892e-05
1.896069508649066235e-03
9.343051942928916375e-04
-8.500972467212752079e-05
3.919706377323205031e-03
-5.864144615664370350e-04
-8.737561310135258754e-05
1.988449214230881505e-03
-2.107495062703818728e-03
-1.013651721463702273e-04
2.204654427843924687e-03
2.237893805394340109e-03
-7.543331950458956835e-05
-8.188432950012306715e-04
-3.560293967809500040e-03
-9.907574658627715781e-05
-4.858193576996421687e-04
2.320230519683625075e-03
-7.936891529956967425e-05
3.805916033944755760e-03
3.833502589154487265e-03
-4.414324865356055843e-05
-3.849595228491735875e-03
-3.468243045305641377e-03
-1.028913622359010118e-04
-3.811692703419194625e-03
3.835172417062899814e-03
-5.292040758897242843e-05
3.852852819885537426e-03
-3.456487214188071200e-03
-9.630397601533147850e-05
-3.612764455103948530e-03
9.632544340523854819e-04
1.007396665106858290e-02
8.002166444172759130e-04
3.394758427471025481e-03
1.005333992607295931e-02
7.871357653084173379e-04
-3.143684139266191783e-03
1.008053520755863332e-02
3.558821731793792003e-03
9.673756248393390426e-04
1.007320912869319983e-02
-3.652590037979143098e-03
-2.189071469274858888e-03
1.007513966386969217e-02
3.542869469461105113e-03
-2.130111682703988030e-03
1.007521129690424309e-02
-2.574384457227755097e-03
3.629392382445599009e-03
1.004756867091715321e-02
-3.617365980802277059e-03
-6.330900025264883484e-04
1.007529709489714785e-02
-2.146551465079898219e-03
1.622689172227377563e-04
1.007258271696396049e-02
-2.004139801446103326e-03
2.022003759015252641e-03
1.007676141656525977e-02
-6.806670845250146259e-04
9.721410359998459419e-04
1.007758295220739612e-02
-6.785167802658457429e-04
-6.438984064385268845e-04
1.007257514257193370e-02
7.542592657283059667e-04
1.649193455435301204e-04
1.007411077910356362e-02
7.820862215895244864e-04
1.781546824794047901e-03
1.007336520060395264e-02
7.523040859022506709e-04
-1.425517458291216885e-03
1.007058635395684069e-02
2.289042456602130484e-03
-6.234613222476670944e-04
1.007398765827879905e-02
-7.099017417546663478e-04
-2.227573698125975051e-03
1.007217303306477511e-02
3.652082425914119149e-03
2.637957993812085379e-03
1.006453889989161396e-02
-9.935197010851059846e-04
3.569009326482100626e-03
1.004919391258223688e-02
-2.156911634909768928e-03
-1.434388526992284862e-03
1.007283314718247433e-02
-2.333160707093581091e-03
-3.183199662167639568e-03
1.007658801796500712e-02
2.526268740775871983e-03
3.693049982674135971e-03
1.005034800676992031e-02
2.533563468001120891e-03
-3.339021900400339100e-03
1.007784318917685079e-02
-3.679388347436787256e-03
2.575809591995637492e-03
1.006400304796335396e-02
1.894193855368650438e-03
9.253908952903518387e-04
1.007586098574836386e-02
3.907589975922291271e-03
-6.118310014770840435e-04
1.007679259484260161e-02
1.981108448265655152e-03
-2.135986489433087249e-03
1.006977920871291766e-02
2.203084164781474608e-03
2.230268874734275559e-03
1.007034124507645914e-02
-8.241526840047474611e-04
-3.588697011626269025e-03
1.007252773624190897e-02
-4.869131589621914511e-04
2.314367800898759972e-03
1.006890315428281106e-02
3.809812681029684563e-03
3.835144232453251492e-03
1.004518865940168086e-02
-3.849964909686138907e-03
-3.486414665157164337e-03
1.008035489364642566e-02
-3.805998987740397826e-03
3.833740107228998228e-03
1.004749104402241112e-02
3.847437498547030040e-03
-3.483976322912015009e-03
1.007751456434705963e-02
-3.569076229588925148e-03
-3.595620832089729910e-03
4.822467381278002646e-03
-1.894223493085506489e-06
1.597695157899339379e-04
4.998527642341109994e-03
-1.794586598512393867e-03
-1.549653622255402815e-03
6.120826729627351810e-03
-2.551082460852270497e-03
-2.254281343765892828e-03
2.457418544110862545e-03
1.881084582827154909e-03
-1.583530244152705092e-03
3.101977249817094214e-03
1.871148973933202744e-03
-1.596701107024972935e-03
6.888807081640947738e-03
1.184902252392576504e-03
2.134027578812749178e-03
2.994565763748166520e-03
-1.598040108879645108e-03
2.160450851985275256e-03
6.602642607837672269e-03
1.609137463377296670e-03
1.670237386351427827e-03
7.098647809752439176e-03
-2.051947961087004398e-03
1.302744416601107121e-03
2.957622558633695321e-03
2.627351125390798431e-03
3.434772323600974358e-04
5.030877559335158490e-03
-3.253281303029086535e-04
-2.375551375512072877e-03
4.170916844489711874e-03
-1.652546436582935348e-04
-1.935101648727520973e-04
7.567808427325376994e-03
-3.655455351623214106e-04
-5.107775598914487611e-04
2.479300687555853651e-03
2.687888044478131070e-03
4.449723215977395086e-04
2.189255796060371895e-03
-2.638007812025186614e-03
2.036864279930191595e-04
7.607418543556100643e-03
-2.807230379068533042e-03
3.264656886747267957e-04
5.055061922931971749e-03
-2.196497093101875005e-04
-2.515452450244001423e-03
7.672044203180360816e-03
1.648858495174844929e-04
2.851332633642203202e-03
5.076692425475664086e-03
2.616342827376608431e-03
2.699277432180230765e-03
5.119452417347463043e-03
-2.898650454482319411e-03
-2.591725991709831461e-03
7.876930208364977051e-03
-2.998265595952712050e-03
-2.270539665005533950e-03
4.536490714303688908e-03
2.600399552655945404e-04
-2.640027104306820211e-03
2.022450929921807382e-03
1.257826222992781068e-05
2.999236079501573470e-03
7.953841753174243148e-03
3.019082580437018517e-03
-1.726905752997393755e-03
4.997687997801690020e-03
-2.977250881224008990e-03
3.044717217675530982e-03
2.040300465206753861e-03
2.968845685144163530e-03
3.018400571570532299e-03
2.036010647960888494e-03
-2.774927033414638193e-03
2.794665305612512723e-03
4.628211792933751775e-03
2.963218801852806911e-03
7.409872269520091865e-05
7.867305763489434653e-03
-7.381325650545285172e-04
2.842360785014430135e-03
2.101185663860279454e-03
3.011845796933942856e-03
3.052347729551005938e-03
7.961936929874307081e-03
-3.010044334472016837e-03
3.052243740479227037e-03
7.988666954524367703e-03
3.109292538444610992e-03
-2.785251705219135999e-03
8.082720513010592175e-03
-2.963856908257911111e-03
-2.915938245071704221e-04
1.943549130394122944e-03
1.325489094691508331e-03
-2.835791093582994919e-03
5.351184652005414218e-03
3.113574856485088610e-03
-2.758453251555755513e-03
1.879961636334335356e-03
-1.651737945739193249e-03
-9.151235067659828012e-04
4.001349468885523689e-03
1.207305640695156314e-03
1.393384059638883195e-04
3.444408363213104490e-03
2.192906989964436219e-04
1.100477960030102603e-03
1.662768763952462503e-03
1.551073715015352950e-04
-1.457860947384067955e-03
5.959322499647468768e-03
-1.173216798445358370e-03
1.249075549827485939e-03
8.231645442860802825e-03
1.305057505990520192e-03
-6.581843229376501715e-04
1.559603679563382897e-03
3.271370906758998189e-03
1.568512441692293622e-03
3.671883626097899572e-03
-1.322950903424783154e-03
1.533774402277001759e-03
4.770438852505764875e-03
-1.610482192304414249e-03
-1.251591331167246435e-03
8.224682970419453648e-03
-8.261040395441722212e-04
-3.066286107706553410e-03
5.838842811552463589e-03
3.360520156043739649e-03
1.476022223696639131e-03
6.341579249139214433e-03
1.279368261317404476e-03
3.959076932918251154e-05
6.380049465548755412e-03
-2.652150330471828975e-03
-3.098162659311561734e-03
6.125549124538024089e-03
-1.349366178375825459e-03
4.226308133267692255e-04
6.268934023315825277e-03
3.266539258950260701e-03
-5.416672447193925533e-04
3.587911863995561345e-03
1.213013874200008805e-03
3.406335755258747822e-03
6.541247651894764766e-03
1.224247950605639049e-03
1.438387347624420307e-03
4.686036756144009580e-03
-3.404143202824669485e-03
1.408301712621990104e-03
6.435900267522194976e-03
2.508696319730620815e-03
-3.115547112179788223e-03
3.889505823811601100e-03
-3.610943104430424950e-03
-3.157409716689652847e-03
3.308292919625655578e-03
-1.160283797284819779e-03
3.320588614340353080e-03
3.853925555815414759e-03
-3.399094404444202161e-03
-1.214667068659616624e-03
6.900797737147201967e-03
1.403494455994612651e-03
-2.377864039713075642e-03
8.402584344006690589e-03
7.592910650555384760e-04
9.715577863256376952e-04
8.497374502789985240e-03
1.251178481145441990e-03
-6.760646418828218348e-04
8.539981504915796981e-03
3.334318629028483992e-03
-1.068979909393643138e-03
1.571292591519432352e-03
2.960963112052188758e-03
-3.055095760354360496e-03
6.239560820269636834e-03
1.394496013486188138e-03
-1.035825164447286718e-03
4.734953714207489235e-03
7.888317767811058381e-05
1.471740246204772959e-03
6.167301428597470048e-03
-2.679547435200016221e-03
3.521539311673890001e-03
6.270631308149520258e-03
-3.403028063127785767e-03
-7.725595387054589583e-04
3.867681978613537845e-03
-2.321900280646967910e-04
1.159375034635413710e-03
3.403362870291515557e-03
