-5.043761514687787086e-03
-5.042313235734993682e-03
9.818903662533547475e-03
-5.009490110734975132e-03
-5.010173994034473367e-03
-1.429809666437689422e-05
-5.044846600159139799e-03
5.048092655556704958e-03
9.816686545179888895e-03
-5.009187494235027051e-03
5.009937824133900777e-03
-1.345439042124611577e-05
5.042813606922885369e-03
-5.040865345314834295e-03
9.825928918350903402e-03
5.009140108640281266e-03
-5.009566280016148308e-03
-1.442609831387545848e-05
5.045618153230175922e-03
5.049725092940456246e-03
9.815540624587075838e-03
5.008978484742943570e-03
5.008054064612283904e-03
-1.375571385488098704e-05
-5.027668821131273114e-03
-5.026604598959926416e-03
1.627267691224056892e-03
-5.035440698477412595e-03
-5.034825634153788226e-03
3.265097121789409078e-03
-5.039284650912387135e-03
-5.041411015701067165e-03
4.908383905242696445e-03
-5.040858178511424016e-03
-5.044616142866627413e-03
6.550309519162985858e-03
-5.043128561627005339e-03
-5.045182580777102244e-03
8.185402686994179902e-03
-5.043423146006364988e-03
-3.361473359290326028e-03
9.820515057042738735e-03
-5.045753060541255212e-03
-1.679800739689455910e-03
9.822024890740931047e-03
-5.044660082530960654e-03
2.380013233938070477e-06
9.821809082113540715e-03
-5.044327225891291275e-03
1.684828137146947204e-03
9.825126547187274656e-03
-5.041764989429650852e-03
3.365310197432176340e-03
9.825882209915148824e-03
-5.029604868440261563e-03
5.028223353339792388e-03
1.622236606473887593e-03
-5.038726098661214930e-03
5.035968499005473269e-03
3.264085476093637073e-03
-5.042979311044980956e-03
5.040195456442056812e-03
4.906357564258418714e-03
-5.044696366723507019e-03
5.043177890177421609e-03
6.547137099807804998e-03
-5.043082164537420961e-03
5.044328916326466794e-03
8.180718534088542507e-03
-5.010946109741174111e-03
-3.336940842813702120e-03
-1.667098363618173056e-05
-5.014973116253380880e-03
-1.667610735997897102e-03
-2.032418747006979617e-05
-5.014324633671581044e-03
1.425675498407626155e-07
-1.942392454533565889e-05
-5.013776096413477198e-03
1.667679471865740745e-03
-1.827347009280539024e-05
-5.011615430119044194e-03
3.336121022908773454e-03
-1.630556375169291499e-05
5.026683406602132712e-03
-5.026584782775870772e-03
1.626918012413051040e-03
5.037759979867057446e-03
-5.035423174537343588e-03
3.267702702890664442e-03
5.040911870712448672e-03
-5.039143845992789979e-03
4.909624474760372961e-03
5.040965718796317288e-03
-5.038632788746021107e-03
6.551671902437959660e-03
5.043100871776179904e-03
-5.040414016127685998e-03
8.189838461871370642e-03
5.046426864110740984e-03
-3.358889781514198727e-03
9.822469386028948729e-03
5.044757746295738289e-03
-1.677033937949307931e-03
9.824775895310482871e-03
5.042021825940774804e-03
3.150344832774201808e-06
9.826785347628198136e-03
5.042421118275154483e-03
1.683582229593286314e-03
9.825269856182924227e-03
5.044780267939030782e-03
3.366398035018922270e-03
9.821304742572851618e-03
5.027258219914502134e-03
5.027763710311233640e-03
1.625699934614700934e-03
5.037191082901465097e-03
5.038097897968355117e-03
3.265247039699968774e-03
5.041307715259516625e-03
5.042007724949751531e-03
4.906600502585287300e-03
5.041813629338496271e-03
5.043279920160791650e-03
6.547675878509076446e-03
5.041396236200538367e-03
5.045123037095761674e-03
8.179848609871483156e-03
5.010753230222878690e-03
-3.337444857238835647e-03
-1.695811476887746906e-05
5.012676180475747825e-03
-1.667285636492009393e-03
-1.585967211132012267e-05
5.015117124994058866e-03
-9.899614529866741420e-07
-1.772327013691556922e-05
5.014042623314490972e-03
1.669044864553108961e-03
-1.976547462003472555e-05
5.011424882411171476e-03
3.337755225358052941e-03
-1.569937907346596954e-05
-3.337172575025358721e-03
-5.010660254187880060e-03
-1.604066692576065908e-05
-1.667757146100727400e-03
-5.016109521065970252e-03
-1.768697361713351921e-05
4.494406140054756812e-07
-5.014034947281844658e-03
-1.741374021897836775e-05
1.667606737486250100e-03
-5.013162970749468483e-03
-1.874363785949846597e-05
3.337010469793087308e-03
-5.010964400821590892e-03
-1.491929283362379676e-05
-3.363532056921875006e-03
-5.038183185397033560e-03
9.825808523364067473e-03
-1.681642976027737484e-03
-5.041414352766265990e-03
9.824127763845289310e-03
-8.595911983131014288e-07
-5.042976858016755964e-03
9.826293320407243972e-03
1.682138914523823329e-03
-5.046300205328715059e-03
9.820542766439776042e-03
3.362910003103186315e-03
-5.040992876019599091e-03
9.826292571291719152e-03
-3.336212785768317458e-03
5.010532473863508161e-03
-1.452012951108442474e-05
-1.668822674163358095e-03
5.013767365834470059e-03
-1.884060695858007835e-05
3.982597072136623172e-08
5.014107612079639863e-03
-1.978743147617452764e-05
1.667744958996946391e-03
5.013525740472844945e-03
-2.003021074926901514e-05
3.336398928560308039e-03
5.011218173319077415e-03
-1.579815365511463311e-05
-3.363290302964812208e-03
5.046418044104172135e-03
9.821389288988938496e-03
-1.680830406862755203e-03
5.050651813057205515e-03
9.815518573950986203e-03
-1.095853277050931017e-06
5.043130857970068090e-03
9.827493123469742756e-03
1.680209743667082992e-03
5.050624612559856223e-03
9.817791835331894992e-03
3.361963599097162435e-03
5.051711567399797681e-03
9.816414316439980858e-03
-5.041177182991276630e-03
-3.523684362770410951e-03
5.714842942210514830e-03
-5.044326313607071753e-03
1.001985985127968508e-03
8.350520047537886986e-03
-5.028369934243122515e-03
9.816449078188754611e-04
1.460586556475237680e-03
-5.043033181576264158e-03
3.594546986190166535e-03
5.714989064321525716e-03
-5.026437554194173978e-03
-2.546932191502992299e-03
1.326667293556523181e-03
-5.043589080614018297e-03
-2.542553817218214454e-03
8.458581625494329681e-03
-5.034912757070969178e-03
3.610363709292829879e-03
2.456847086681593177e-03
-5.040283167144234654e-03
3.590504265391850861e-03
4.087786649594291055e-03
-5.042090138398513076e-03
2.133999923038912803e-03
4.910489305497965119e-03
-5.043308856363345506e-03
2.011688120009882865e-03
6.784740460959354062e-03
-5.042507965685642454e-03
6.765680760552914095e-04
5.733154046886844955e-03
-5.039522002757876665e-03
6.467770621083250657e-04
4.142864955844932293e-03
-5.041458515403654181e-03
-7.554229875979374086e-04
4.922436299594944858e-03
-5.042376536350107880e-03
-7.805632799819323467e-04
6.552072139276924993e-03
-5.037867028460726523e-03
-7.906452451461889151e-04
3.342260184388024490e-03
-5.038956760950348557e-03
-2.182831961570525555e-03
4.330220010871647408e-03
-5.039380503340817365e-03
1.984796381079993559e-03
3.025921190537364958e-03
-5.029184653258615516e-03
-7.994108424772376764e-04
1.655908270068573614e-03
-5.043712612568218047e-03
-7.943808830775180322e-04
8.170447347730485851e-03
-5.043666529519984752e-03
2.545973297204495375e-03
8.423954457453574143e-03
-5.043254803379863989e-03
3.664034613912642985e-03
7.353134726261308790e-03
-5.028260573638924230e-03
2.523013121542126355e-03
1.356104170906504997e-03
-5.042148043911317060e-03
-3.663104195202505561e-03
7.396123181596696121e-03
-5.031452490802212733e-03
-3.707209173013301107e-03
2.368230867599529360e-03
-5.039824339615976874e-03
-1.862068091388227641e-03
5.724963709320062336e-03
-5.037401076876253138e-03
-3.677446342565282144e-03
3.986995581133528574e-03
-5.035113704065067447e-03
-2.180109483225643480e-03
2.783037328817595038e-03
-5.042252884737723727e-03
-2.195386215631413025e-03
7.001798098880391771e-03
-5.035259990740403174e-03
4.043551037106794897e-04
2.725426767206017443e-03
-5.042066061208281928e-03
5.079791121756846309e-04
7.085342048085227322e-03
-5.044317541398850649e-03
3.814805178291864884e-03
8.624985500749761044e-03
-5.043291224555757762e-03
-3.812034158267426243e-03
8.620472273739137811e-03
-5.025267732556003633e-03
3.793840826420593129e-03
1.190523646042601765e-03
-5.023059977016789378e-03
-3.800935755854504498e-03
1.183249355989434478e-03
5.041243342561972651e-03
1.001074347883942157e-03
8.350013510535972752e-03
5.027750494141433601e-03
9.826836904841458088e-04
1.459915005275477101e-03
5.040379605101272253e-03
-3.519263911415377970e-03
5.713408705122231986e-03
5.043059492577912396e-03
3.595500771105134778e-03
5.715077919145409788e-03
5.035122135301280111e-03
-3.508476999743560462e-03
2.573053717708934443e-03
5.041903375816845015e-03
-2.540949941058298373e-03
8.463921707034919445e-03
5.034267456874273912e-03
3.612599459937046540e-03
2.458874351393730302e-03
5.038547617153081234e-03
3.592069545893247090e-03
4.089897713228614513e-03
5.042709399726462254e-03
2.133876710796594588e-03
4.910675664405712501e-03
5.041945366494474459e-03
2.012365929404175049e-03
6.786321410346973955e-03
5.042733318170403850e-03
6.766871463396546219e-04
5.733964069279659514e-03
5.044517696878369345e-03
6.475689127356971941e-04
4.142646783873168460e-03
5.041247378165440371e-03
-7.543158841937129067e-04
4.919962735548984514e-03
5.040480401290081854e-03
-7.918214613527541296e-04
3.338094945703193924e-03
5.040736351724324667e-03
-7.796036815422145065e-04
6.551910867928376070e-03
5.041278697835915520e-03
-2.296060544570069101e-03
4.124318582261850795e-03
5.037368487659807902e-03
1.987687924414183790e-03
3.023142915435627406e-03
5.042283219571920376e-03
-7.935562642699962432e-04
8.171740766455496546e-03
5.041509191101104133e-03
2.545721068894433916e-03
8.425198614112696521e-03
5.029480739858642468e-03
-7.804862618515106838e-04
1.658157499728973860e-03
5.040992805693395896e-03
3.664221508272448927e-03
7.353654393037327777e-03
5.027433547981996140e-03
2.524465058958496547e-03
1.356847286951481458e-03
5.041594110987204606e-03
-3.658963996004438966e-03
7.399659935379988146e-03
5.024603075924197366e-03
-2.450751163624362034e-03
1.363012928048045131e-03
5.040946782674950166e-03
-1.883099102323316761e-03
5.683191785698647400e-03
5.039805107248837047e-03
-3.880339901598930507e-03
4.117499673348281805e-03
5.035648577552167757e-03
-1.966268621046016012e-03
2.612190299539747084e-03
5.040668123971103233e-03
-2.195569633770754273e-03
6.997964915223428041e-03
5.036764321695490557e-03
4.096042059055765962e-04
2.726619446690708732e-03
5.041662119717597521e-03
5.070051147660948904e-04
7.085643529853576789e-03
5.041619412707623073e-03
3.815410496271417172e-03
8.624964224362855272e-03
5.042674911476549213e-03
-3.809567216044073504e-03
8.627884761954694379e-03
5.023696769719851463e-03
-3.793820642187264568e-03
1.190193494189289514e-03
5.021802428342123613e-03
3.793410994702892201e-03
1.192267136100513564e-03
3.594639102868073168e-03
-5.038821384274245856e-03
5.717035034143798551e-03
-3.520845923755416221e-03
-5.043182149389768137e-03
5.712857201614810788e-03
9.830796136287252903e-04
-5.026927514806236313e-03
1.462107202390311141e-03
9.990347997001736927e-04
-5.041451845933212113e-03
8.353502444039036939e-03
-2.548270050351837766e-03
-5.026913232950552118e-03
1.325243078658111095e-03
-2.543514346600874495e-03
-5.042874653548434262e-03
8.462372522870480543e-03
3.611115166290755282e-03
-5.032653671923991920e-03
2.462325765842027833e-03
3.591185200024733966e-03
-5.038053121534774234e-03
4.092072698376280834e-03
2.134074070960413020e-03
-5.040223999724366584e-03
4.913067938959121521e-03
2.010513294721490932e-03
-5.038602430447630329e-03
6.788998053613418474e-03
6.766321361580238027e-04
-5.040096485063851918e-03
5.733244378885427560e-03
6.475472293351054297e-04
-5.039086747743700204e-03
4.142439990881085880e-03
-7.549070343015416157e-04
-5.040121456503714008e-03
4.922331163993229862e-03
-7.789532548568602055e-04
-5.040193513479163806e-03
6.553703379468653681e-03
-7.892874180980385653e-04
-5.039373680400245463e-03
3.340317390661041476e-03
-2.181268245840177738e-03
-5.041038453510659004e-03
4.327034494901148276e-03
-7.998688441782685413e-04
-5.028404790287104194e-03
1.652339996756768551e-03
1.986275883783498227e-03
-5.038071667610753875e-03
3.028238464580775263e-03
-7.949526888443359841e-04
-5.039853769670126632e-03
8.175248251965104573e-03
2.543894472159264480e-03
-5.041221081478323464e-03
8.426241855918887094e-03
3.662810210739647805e-03
-5.039059505857029254e-03
7.356585149132369335e-03
-3.660100355396683335e-03
-5.043837558814975863e-03
7.397151247404203274e-03
2.524101913757890048e-03
-5.027139859432757513e-03
1.357718864493697927e-03
-3.707590560651233096e-03
-5.032213585896980895e-03
2.367922037854686135e-03
-1.860847380879384564e-03
-5.040994262845811986e-03
5.725201399392083716e-03
-3.675474072771181631e-03
-5.039196329427045665e-03
3.984542522516038021e-03
-2.179047288682937726e-03
-5.036985960840078408e-03
2.780212148874861879e-03
-2.192818128439571936e-03
-5.041897323592519145e-03
7.005257265377511609e-03
5.071721867468037461e-04
-5.040328225377309866e-03
7.088359631939476248e-03
4.047998605636313803e-04
-5.035839668619155989e-03
2.725125216944740067e-03
3.812547513845842076e-03
-5.040281463326820241e-03
8.627254340226172755e-03
3.794166736709989312e-03
-5.022018871651765144e-03
1.192723988880344498e-03
-3.811516643430334222e-03
-5.044103338504957873e-03
8.622921820781422400e-03
-3.802685916106173219e-03
-5.024726870799021625e-03
1.181523506262330313e-03
3.594676101359193382e-03
5.044164607183905871e-03
5.714332391022854639e-03
-3.524449868146508486e-03
5.042277433193823218e-03
5.710648804571346639e-03
9.817316313683759933e-04
5.025172283194744190e-03
1.460383313899199812e-03
9.985720463492151356e-04
5.044420199588219196e-03
8.346790149854911231e-03
-2.548333217286194094e-03
5.024807337199477600e-03
1.328058494560560706e-03
-2.545475152270022714e-03
5.045661683643351894e-03
8.459404158748851099e-03
3.610745490248837026e-03
5.034733769137125087e-03
2.458870913882235231e-03
3.590970592273046331e-03
5.040193227316957895e-03
4.089056512590617289e-03
2.134094025859077908e-03
5.043726154228820799e-03
4.908268658191590125e-03
2.010401240342558123e-03
5.044186995046427181e-03
6.782638869236626809e-03
6.764839871925580270e-04
5.044890637553802945e-03
5.729675040384403333e-03
6.462616296285791711e-04
5.040805516622145002e-03
4.141486700007726909e-03
-7.562491601529220276e-04
5.043671445682560740e-03
4.921066841218751757e-03
-7.803764853240446756e-04
5.042811305112452139e-03
6.548435865122370463e-03
-7.916466164440829701e-04
5.038391410220909028e-03
3.340532275954720236e-03
-2.184540808369772168e-03
5.042003734706724909e-03
4.328861577508548615e-03
-8.002305579076107083e-04
5.030843281928864923e-03
1.655415510519334847e-03
1.985164712871756183e-03
5.039044909334343403e-03
3.025180041422785050e-03
-7.956942370840151824e-04
5.046501160502996422e-03
8.168550739875721570e-03
2.542724020952029720e-03
5.043319457311582800e-03
8.423115355316623462e-03
3.661666107649336546e-03
5.043921625097804069e-03
7.352154937088311096e-03
-3.661785530905267965e-03
5.043620832210179636e-03
7.393309052195426619e-03
2.521848329727241315e-03
5.027774085795051230e-03
1.359600897249080027e-03
-3.712065077898017099e-03
5.033079078874515624e-03
2.369005393126841826e-03
-1.862347947870244408e-03
5.044353944797803045e-03
5.721958693406980351e-03
-3.678484451673558892e-03
5.039242482009826350e-03
3.984183766384158908e-03
-2.182908665363835106e-03
5.037476083691697602e-03
2.782441352650239386e-03
-2.193966070094786631e-03
5.042879657040393558e-03
6.999322519572994533e-03
5.055688574464436763e-04
5.043712320126621934e-03
7.082445980061368579e-03
4.043532148695090493e-04
5.035443216857363354e-03
2.723606353842754086e-03
3.811492100809093803e-03
5.043461931593354493e-03
8.624502859380846903e-03
3.792989729102187561e-03
5.023253149759613657e-03
1.192690375165406710e-03
-3.813186278969546775e-03
5.045387412316323580e-03
8.622869286669689742e-03
-3.801654921059458101e-03
5.022451585689451624e-03
1.184262541650353637e-03
7.975367869720370725e-04
3.333973508293815950e-03
-1.577006389030488452e-05
7.759466320408606350e-04
-3.421549927334963884e-03
-1.861883002262780155e-05
-3.573196359594744877e-03
8.211308833644284742e-04
-1.451651335643767760e-05
3.517511538381413744e-03
8.232528520077073446e-04
-1.509680865591712130e-05
-3.603754749833893139e-03
-2.438629697195290099e-03
-1.526003927790502810e-05
3.493488281422825470e-03
-2.377980240434954956e-03
-1.769704376698777242e-05
-2.557294166931193581e-03
3.578051699604585262e-03
-1.510455457238601255e-05
-3.572923168613706749e-03
-8.250344703907297201e-04
-1.920167140755461562e-05
-2.119677259501772000e-03
-1.743869799856213696e-06
-2.344715001503552392e-05
-1.981713746164578439e-03
1.919424812204215862e-03
-2.092962677827202363e-05
-6.696881931053850785e-04
8.340262265647327682e-04
-2.203996324142615314e-05
-6.689255252577688219e-04
-8.345765642721645434e-04
-2.304112383982171355e-05
7.468453973989694133e-04
1.348125901346016025e-06
-2.244855711086997160e-05
7.736096706146912460e-04
1.670256269601301524e-03
-2.047669583057814264e-05
7.466869703929618265e-04
-1.638734293914027211e-03
-1.978479191431636508e-05
2.261304271300234019e-03
-8.143894071174373082e-04
-2.084666385069245512e-05
-7.021389552175253497e-04
-2.464728181931539509e-03
-1.759653276645769220e-05
3.615259753565025491e-03
2.555513522777693239e-03
-1.556696302024396952e-05
-9.845050824602572578e-04
3.512383094454718351e-03
-1.839392925859398463e-05
-2.131757161403940309e-03
-1.650585085593192459e-03
-2.016124361414462008e-05
-2.295426525298441614e-03
-3.465153235819804119e-03
-1.945914552309392561e-05
2.510377407778856523e-03
3.646120229681413735e-03
-1.751925482634487661e-05
2.493834554701188956e-03
-3.633556215102922045e-03
-1.771165558089255460e-05
-3.640899509677715355e-03
2.490924029894983887e-03
-1.680865917811326317e-05
1.869995449041823854e-03
7.850537951832089589e-04
-1.608998811390571844e-05
3.857033786280885616e-03
-8.063995600676244005e-04
-1.816992434499079952e-05
1.955051642011112426e-03
-2.376533324813646583e-03
-1.309872807096715664e-05
2.180609996894850976e-03
2.135194275500890745e-03
-1.758261948769217423e-05
-8.057008093509212578e-04
-3.884297914729603791e-03
-1.415287211729988018e-05
-4.799130661614640545e-04
2.222844289712261855e-03
-1.970666283953989554e-05
3.785137053861287876e-03
3.786523933871639713e-03
-1.183737280081618820e-05
-3.786288562415259396e-03
-3.786603204059246861e-03
-1.060643515273443456e-05
-3.786210299648290912e-03
3.786162888951502721e-03
-1.174060612939172349e-05
3.786679123981361896e-03
-3.785631249391876747e-03
-1.279812637734794143e-05
-3.595163759907610973e-03
8.292058385830687215e-04
9.822933375734036604e-03
8.039004221075494051e-04
3.357758607126473845e-03
9.827445058341151979e-03
7.792382360973970808e-04
-3.439363917108784717e-03
9.829083194023419470e-03
3.538028994127549731e-03
8.347342520860297384e-04
9.827446438030235445e-03
-3.627173796075495050e-03
-2.454762314001765217e-03
9.824623825565668989e-03
3.516953243152760259e-03
-2.392788805463472255e-03
9.827967438919376492e-03
-2.577100737323530059e-03
3.603336022403144396e-03
9.824211983654148814e-03
-3.596166262875444535e-03
-8.300153867736551234e-04
9.825956007377732379e-03
-2.134317538450666157e-03
7.617700554047447005e-07
9.828594431024906264e-03
-1.995141694021093821e-03
1.932908354084580125e-03
9.824360109804555069e-03
-6.751854115304631570e-04
8.409154094142743145e-04
9.831101972171204725e-03
-6.759365740727320878e-04
-8.382075719760631854e-04
9.837325829770557015e-03
7.494641831373652233e-04
2.187591701121302628e-06
9.835383012422675361e-03
7.800790441346940919e-04
1.683822314614240876e-03
9.828960964981783149e-03
7.477975035802002408e-04
-1.646746512693095374e-03
9.837097155861363254e-03
2.277925487105767269e-03
-8.161633067914251215e-04
9.830871171984272017e-03
-7.085157604717538761e-04
-2.479525328431155754e-03
9.834307116158118311e-03
3.637334518199607670e-03
2.578443331994089479e-03
9.825816481088180815e-03
-9.923960662090451808e-04
3.537121633507392220e-03
9.822273299176819891e-03
-2.146665865711790740e-03
-1.660693853381850190e-03
9.828617028540242648e-03
-2.312476403336944947e-03
-3.485335980573571555e-03
9.824827149455062428e-03
2.527137352166089306e-03
3.670400225494721298e-03
9.826961912981952568e-03
2.510052178848530199e-03
-3.653876666792078929e-03
9.825982372654180549e-03
-3.665017138518395553e-03
2.510864668022504739e-03
9.825957988566799348e-03
1.883883986766086852e-03
7.933434750915556791e-04
9.830271459435251796e-03
3.884284547640426931e-03
-8.090712417464840161e-04
9.827539144023714549e-03
1.966696544737472994e-03
-2.389550535498912841e-03
9.831327127768560437e-03
2.195152270647666298e-03
2.153419430319292085e-03
9.827474730586429133e-03
-8.129142612602785782e-04
-3.905110008663521121e-03
9.829411550473459921e-03
-4.837080411495645071e-04
2.240743766486812723e-03
9.827497231130870661e-03
3.812184073910102576e-03
3.815578425268274180e-03
9.827035493190812432e-03
-3.814232814633500713e-03
-3.810801888215172364e-03
9.819130942486070657e-03
-3.813058403119182378e-03
3.815158717593238220e-03
9.823262557201095299e-03
3.812802120020698359e-03
-3.809750150616035471e-03
9.826186162098468971e-03
-3.533471029271811371e-03
-3.933424153659817110e-03
4.755421218047609609e-03
1.637147493795039501e-07
8.702364079122959676e-07
4.916440674321594442e-03
-1.781974505520685830e-03
-1.782410461960663196e-03
6.003945695224619308e-03
-2.521175601047112753e-03
-2.522187751155138477e-03
2.467062311193760765e-03
1.862365584336678377e-03
-1.825516601832408463e-03
3.086784478800698277e-03
1.857614511487138938e-03
-1.828465585574757992e-03
6.747203640697936773e-03
1.176049625446115880e-03
2.052125426044357041e-03
2.971343240861359491e-03
-1.590143609501340916e-03
2.083851797446984160e-03
6.473479862487962859e-03
1.601057626555985611e-03
1.572134091928839529e-03
6.950984069408360465e-03
-2.038102840115292406e-03
1.181358190549339302e-03
2.940782437484244869e-03
2.606995880821894995e-03
1.889162619893256791e-04
4.947684119524672214e-03
-3.236499987631214869e-04
-2.646415585434729392e-03
4.123703117682925301e-03
-1.637641642450773363e-04
-3.682860456319569302e-04
7.405691909223939898e-03
-3.611851014100820245e-04
-7.017812801050881668e-04
2.483998837690099860e-03
2.658699256347837967e-03
2.906172388485999823e-04
2.198521739673718698e-03
-2.620062425177070459e-03
4.321564035699379530e-05
7.438079769325949518e-03
-2.788344103048811130e-03
1.724856944051496462e-04
4.976046522005862609e-03
-2.182419557112587620e-04
-2.777253154676705832e-03
7.509091724405791285e-03
1.616408104537202521e-04
2.797726160285859617e-03
4.992641578219942332e-03
2.609522710501938070e-03
2.640169401077881346e-03
5.035238139635478567e-03
-2.872647720312297964e-03
-2.870846309075854134e-03
7.700610614903432086e-03
-2.969342492460357464e-03
-2.545405192239521327e-03
4.476918672923338449e-03
2.544154082292157540e-04
-2.927672495162758539e-03
2.044115591851581627e-03
1.654557755046709178e-05
2.948779239766815673e-03
7.785957846459442937e-03
2.993733311141485564e-03
-1.973469325254148966e-03
4.917317788114325579e-03
-2.959056327095069185e-03
2.980730685107431301e-03
2.035526760911047020e-03
2.954528409541527095e-03
2.955396851554735037e-03
2.027973847324044451e-03
-2.764938469511168430e-03
2.740744713538217914e-03
4.553228925767393610e-03
2.942353971119917103e-03
-9.023436908323366522e-05
7.690819260194090012e-03
-7.384376908192401279e-04
2.780646776517669509e-03
2.098608260576499251e-03
3.005236754531783513e-03
3.008176248679688813e-03
7.791505628220894361e-03
-3.002264627406896549e-03
3.010696279881057771e-03
7.820481465714084271e-03
3.081148933518452777e-03
-3.070341544181299717e-03
7.903757401452519635e-03
-2.932056233335667353e-03
-4.846693370472938468e-04
1.961586460886041543e-03
1.312788203774526395e-03
-3.130167321064130682e-03
5.268220821308776738e-03
3.072598040906963316e-03
-3.064633715189001538e-03
1.906754371086048696e-03
-1.638583873874657412e-03
-1.121221646270096836e-03
3.958118507932620496e-03
1.199580263010281960e-03
-2.510234886968748023e-05
3.417690797506450773e-03
2.133754828498780507e-04
9.717878345330761055e-04
1.687874104920901626e-03
1.533388293491796245e-04
-1.685950109105510296e-03
5.847326990681728405e-03
-1.164959068002894248e-03
1.129527716461967406e-03
8.042446950696769542e-03
1.287133451096229581e-03
-8.582933009680264241e-04
1.591867521827207378e-03
3.249691926406882928e-03
1.464761335852897547e-03
3.629262229325384490e-03
-1.318199376291399232e-03
1.429954059621073694e-03
4.697387458254033595e-03
-1.600568188008477622e-03
-1.467296752601160740e-03
8.042561820921396987e-03
-8.195652348655788804e-04
-3.365986509979071624e-03
5.738559728443930891e-03
3.338948020152459565e-03
1.366494865313437656e-03
6.217548095170577840e-03
1.268292314284456173e-03
-1.253361568624793121e-04
6.252837825356434912e-03
-2.626705466062451231e-03
-3.408006545085576818e-03
6.013271586668506898e-03
-1.338717314796287030e-03
2.718805775915678958e-04
6.145050731643905174e-03
3.237828753948199332e-03
-7.366071634239295708e-04
3.551652923361484256e-03
1.211195561776235753e-03
3.372536673397437401e-03
6.416421385441380479e-03
1.218833639238032845e-03
1.333844513687724347e-03
4.612394079483887049e-03
-3.380652858094714691e-03
1.302674015976266510e-03
6.309687943463473600e-03
2.482042651094655897e-03
-3.426192147003633004e-03
3.852873451245473427e-03
-3.571760607333054720e-03
-3.467868991596543844e-03
3.289651726441941530e-03
-1.158803779423015195e-03
3.279419146252027847e-03
3.802500474335186471e-03
-3.374490959357768095e-03
-1.437823257503081757e-03
6.754658820632971489e-03
1.391551096035820775e-03
-2.637361782192094040e-03
8.215550861914633698e-03
7.568132185877378144e-04
8.420903972715485398e-04
8.303336611641195728e-03
1.242999962502711053e-03
-8.695141481043380891e-04
8.349508147053850277e-03
3.289920745106945758e-03
-1.291422038384588879e-03
1.605484016101555757e-03
2.932398306264372059e-03
-3.355603316753734324e-03
6.121583925080045438e-03
1.384870318186328698e-03
-1.252389549989533319e-03
4.665018220437571785e-03
7.918602640691564589e-05
1.368119984029905409e-03
6.046613312916135873e-03
-2.676928531300274468e-03
3.490824221880829258e-03
6.151980626339282124e-03
-3.374957483891433043e-03
-9.798194200362670987e-04
3.828802142202519364e-03
-2.303716291386739042e-04
1.040799914708121984e-03
3.373764087105303889e-03
