-4.825696840641798338e-03
-5.041771990399655096e-03
1.004004324860820543e-02
-4.814396187660836823e-03
-5.042053560332986073e-03
-5.185586334514244433e-05
-4.827307058077230824e-03
5.046468905617647847e-03
1.003904748370139551e-02
-4.813060466003962930e-03
5.048172403670897132e-03
-5.414195001375554493e-05
5.012379713314517662e-03
-5.007564056514559464e-03
1.000724776604174776e-02
5.013968487576474578e-03
-5.009219785273377225e-03
-9.700162328524249478e-06
5.013508404812553991e-03
5.009156194943025983e-03
1.000969553583551906e-02
5.013580066648723119e-03
5.008211194241749681e-03
-7.831751902192464029e-06
-4.821940288654038426e-03
-5.041330803676373831e-03
1.628601129103963768e-03
-4.824192770884643162e-03
-5.041571143999700952e-03
3.310218114797082185e-03
-4.826844915172419891e-03
-5.041071394957841872e-03
4.993831421850574229e-03
-4.822939903701319551e-03
-5.046435545804016723e-03
6.675154249037139852e-03
-4.821796477453112358e-03
-5.047114074200114917e-03
8.359523727232460663e-03
-4.829479895085315999e-03
-3.361762322656264897e-03
1.003732807025167761e-02
-4.831005818074648149e-03
-1.681011806990824909e-03
1.003786831828861262e-02
-4.833900538186566842e-03
2.958564776308186219e-06
1.003865485329862549e-02
-4.830392699011242311e-03
1.686359197980021605e-03
1.003704980711564963e-02
-4.832271616984453941e-03
3.365815102361265163e-03
1.003517593130510803e-02
-4.811096899002701224e-03
5.052643621881556558e-03
1.629242325190786555e-03
-4.818608039535654530e-03
5.049670933711571628e-03
3.310096696328886697e-03
-4.818841612489327408e-03
5.050652236866321788e-03
4.993507286860686574e-03
-4.814943448928779048e-03
5.055652762093969417e-03
6.675952183428938459e-03
-4.821583901405107619e-03
5.050040439064510008e-03
8.357104340769538203e-03
-4.818613912676366143e-03
-3.361331370507813186e-03
-4.921135076789787539e-05
-4.823996960974028317e-03
-1.681167049657192542e-03
-4.867036770577090160e-05
-4.825547116846559681e-03
2.179442271088353549e-06
-4.682378541278700172e-05
-4.803972818866664683e-03
1.686939232900705162e-03
-6.041445180984746392e-05
-4.810124858180156969e-03
3.367423881230311410e-03
-5.547305297234064796e-05
5.017380743216977648e-03
-5.011313435707732793e-03
1.662993430517989727e-03
5.016841305654117650e-03
-5.013400006328941165e-03
3.331876107762595397e-03
5.018256538879410297e-03
-5.013838711764147249e-03
5.000787097751006535e-03
5.017578511186572207e-03
-5.012832533239986073e-03
6.668440721521078432e-03
5.015907326924104112e-03
-5.011753905179321122e-03
8.337983292847390634e-03
5.015803254157769585e-03
-3.338083761225014382e-03
1.001233153060493083e-02
5.020285423017265512e-03
-1.668302005158113499e-03
1.001313728878719216e-02
5.019096257245598755e-03
-1.766833851631656020e-06
1.001133622364441290e-02
5.017496648898827662e-03
1.669747229507943971e-03
1.001311837715077209e-02
5.015499101940339502e-03
3.337320632782484354e-03
1.001088921231123828e-02
5.016941791664113193e-03
5.011586401849189507e-03
1.662791568225840131e-03
5.020430335151250707e-03
5.013754896348439523e-03
3.330334166099005542e-03
5.017890223866346144e-03
5.012527162139777427e-03
4.999781702497641672e-03
5.018427108551575498e-03
5.013264587213378531e-03
6.670573997010419490e-03
5.016025857276489724e-03
5.010808734425376693e-03
8.335940120673963893e-03
5.016728805026324928e-03
-3.337852609919084081e-03
-1.161369712312132828e-05
5.016168103882021577e-03
-1.667258471979704689e-03
-1.542641581444166013e-05
5.020083100018912260e-03
-4.249039953728607131e-07
-1.304761954831073445e-05
5.016681441793639264e-03
1.669271250559094472e-03
-1.325278006314971961e-05
5.014644448657762377e-03
3.336929299522230132e-03
-1.113557553816853641e-05
-3.180150386407469467e-03
-5.042989865717171886e-03
-4.933991784559209494e-05
-1.542385510665403477e-03
-5.039931129675035565e-03
-4.594166952024097798e-05
9.493228013539694037e-05
-5.040605595709452338e-03
-4.231742593015362950e-05
1.731940160521844903e-03
-5.038274873237736165e-03
-3.807037892337300500e-05
3.373954012134840631e-03
-5.029441655100068756e-03
-2.723010241625086983e-05
-3.185543239346428843e-03
-5.040923689435098526e-03
1.004219882790249700e-02
-1.550164842333798558e-03
-5.038583431774907619e-03
1.004088766085354731e-02
8.963795173546300473e-05
-5.037028913462731489e-03
1.003960036356625792e-02
1.726182678144084874e-03
-5.034236609431264227e-03
1.003534420790199930e-02
3.368925108810671455e-03
-5.026735855947733755e-03
1.002561035842293620e-02
-3.176495534440495431e-03
5.049378598320703945e-03
-4.979705356319535361e-05
-1.541350920633578411e-03
5.048485193885271678e-03
-4.616384955192725874e-05
9.640949899014028210e-05
5.045046470926003133e-03
-4.261590407114419185e-05
1.732457277202497899e-03
5.041201705577943656e-03
-3.888473523329022055e-05
3.375964628674284033e-03
5.031633867002839079e-03
-2.795024370237570824e-05
-3.188239426519694393e-03
5.044894556584016143e-03
1.003941195415104966e-02
-1.550945086757983581e-03
5.043342353017815638e-03
1.004213215107383102e-02
9.044363656283959123e-05
5.038698982883026145e-03
1.003967760999398620e-02
1.731778179229679498e-03
5.036604885905652737e-03
1.003759193721543395e-02
3.372804620756522653e-03
5.027717452107769748e-03
1.003000218856252637e-02
-4.825072098483641075e-03
-3.522579454342729312e-03
5.815044233629053719e-03
-4.829532726533558237e-03
1.004307282810048239e-03
8.521771873929488705e-03
-4.820528453200827700e-03
9.913110617264606766e-04
1.454775786516116073e-03
-4.824800135638144562e-03
3.601588201226380362e-03
5.820646795317292559e-03
-4.821544789973362423e-03
-2.561830599821253180e-03
1.316755632552719154e-03
-4.828999662130232205e-03
-2.544307595059285259e-03
8.637820900728029536e-03
-4.818494176612259094e-03
3.626131384763555971e-03
2.476569255000741522e-03
-4.821735026382843563e-03
3.600775841826876073e-03
4.151137584914755575e-03
-4.827104791590619906e-03
2.140510944717041990e-03
4.990842484568135291e-03
-4.827495563212140343e-03
2.015572936338981373e-03
6.914713503840766266e-03
-4.826345498983752869e-03
6.791768991692909759e-04
5.832132116601997443e-03
-4.828601209166906091e-03
6.524340822165141090e-04
4.200749700720538167e-03
-4.829203433923867118e-03
-7.531179588784823456e-04
4.999412489675064339e-03
-4.830575274905971397e-03
-7.778771337323648694e-04
6.674478572172226447e-03
-4.826041310434491145e-03
-7.886656758889427129e-04
3.377162573876535661e-03
-4.828944340221553132e-03
-2.182192199174451570e-03
4.391357718194676719e-03
-4.824265295486242569e-03
1.996126901544046425e-03
3.056031422933870503e-03
-4.822112503169919719e-03
-7.997774841923365038e-04
1.650415674999055910e-03
-4.834364177591738906e-03
-7.934984350481624369e-04
8.340431716608356569e-03
-4.830390914978359949e-03
2.547110520871992672e-03
8.596509635880498004e-03
-4.827130665549610004e-03
3.667516404649140589e-03
7.501539428032815565e-03
-4.818470944345527168e-03
2.541344164328568182e-03
1.345792069194811941e-03
-4.825158566394742270e-03
-3.664340474149430094e-03
7.545827345470840046e-03
-4.823248018907441183e-03
-3.717161896975272346e-03
2.387098712603833838e-03
-4.831095849383050533e-03
-1.860763506279465053e-03
5.824750300784195360e-03
-4.828089596440723885e-03
-3.679045120915453142e-03
4.044276752796638688e-03
-4.828238294084383903e-03
-2.185253505584282621e-03
2.806420947710918431e-03
-4.831337655097992997e-03
-2.194784923530997741e-03
7.139849611373139809e-03
-4.825721313846021918e-03
4.101025476949105540e-04
2.747674973117999672e-03
-4.830647327135181336e-03
5.104346264206986641e-04
7.222751347278553481e-03
-4.826087763066470859e-03
3.815875337781896894e-03
8.806505460188624249e-03
-4.822580871793285921e-03
-3.813044122443835261e-03
8.808470580048667620e-03
-4.815016421670734008e-03
3.818174597297362312e-03
1.177927853533978792e-03
-4.817761414971186151e-03
-3.820042452816262406e-03
1.171762389655080358e-03
5.013710814210179528e-03
9.949395254269051327e-04
8.504409887606879589e-03
5.017409571829019484e-03
9.811708172990083777e-04
1.486847223186902678e-03
5.019484188010361891e-03
-3.499907937446776040e-03
5.816081019149551591e-03
5.012913806086678227e-03
3.571709959615824905e-03
5.823821006208096396e-03
5.018154853021766434e-03
-3.493558586599344092e-03
2.619738045919195023e-03
5.017725934841835676e-03
-2.526616797666323810e-03
8.620611962970569850e-03
5.018254626230504722e-03
3.597601524155875571e-03
2.502544138075071117e-03
5.015231958293929655e-03
3.569879832452130426e-03
4.164348954694278501e-03
5.019696567597068879e-03
2.119375594868553887e-03
4.998618658826357863e-03
5.021708321068851788e-03
1.997149464773856700e-03
6.906738239419544893e-03
5.022373182401701497e-03
6.725372242342572086e-04
5.835296252222810579e-03
5.017657046249787006e-03
6.428450440812097811e-04
4.214012846515146661e-03
5.020135714762479461e-03
-7.513864957452642216e-04
5.007262365576137242e-03
5.021868063712299837e-03
-7.874035517083224694e-04
3.395860969047146457e-03
5.014519624000781869e-03
-7.733236323626711470e-04
6.668983671934421154e-03
5.021473451002395408e-03
-2.281591572306241808e-03
4.197743394324190795e-03
5.024564549525103833e-03
1.975552901060554072e-03
3.079059924383001010e-03
5.018161204046001599e-03
-7.899001694346373913e-04
8.325463889590108135e-03
5.020556824635281738e-03
2.525168716349611951e-03
8.580310548707658150e-03
5.019739483714091843e-03
-7.799961772620753837e-04
1.684449315691541240e-03
5.020675525368480108e-03
3.639962844946996977e-03
7.489472913658464480e-03
5.019493306310207105e-03
2.517900200918347497e-03
1.380056454083219974e-03
5.015913749295029984e-03
-3.639864533618188298e-03
7.533375193561008508e-03
5.014120073154824594e-03
-2.445573822332488059e-03
1.386019649625277886e-03
5.020260723913838076e-03
-1.872621218488392837e-03
5.785739974217951782e-03
5.015234280805026292e-03
-3.860767776478999345e-03
4.195639186050811181e-03
5.013134232935035663e-03
-1.956871558057654992e-03
2.656807193448401140e-03
5.017280039100858666e-03
-2.184078759472500835e-03
7.123986643916325329e-03
5.016346223923780212e-03
4.051629566632986360e-04
2.772543707403184350e-03
5.017968779128305530e-03
5.049033794273915382e-04
7.212923798280279977e-03
5.012537268099571258e-03
3.784802735833594882e-03
8.785611637056357781e-03
5.012868217962255200e-03
-3.786202165280421091e-03
8.786669802105457130e-03
5.014102347481253288e-03
-3.786627126203443838e-03
1.212135392939183830e-03
5.013122447919730017e-03
3.784662594960624005e-03
1.212566002640631194e-03
3.591644618839196640e-03
-5.025972275196699708e-03
5.823259611227930149e-03
-3.343814329580543920e-03
-5.043228386420181737e-03
5.816533565096842183e-03
1.050320088532692665e-03
-5.038620470161563926e-03
1.466710031342847781e-03
1.059852011463910133e-03
-5.036655092882742421e-03
8.522789533449861774e-03
-2.403691477191114215e-03
-5.042390176326255573e-03
1.319678254462506965e-03
-2.393855783337962492e-03
-5.041084737774347187e-03
8.641020001296077085e-03
3.620733229818886255e-03
-5.024953160777448184e-03
2.498959635809730202e-03
3.592606138206274041e-03
-5.026185509683422925e-03
4.164459785925124155e-03
2.165022985171008094e-03
-5.035927074881044879e-03
4.998238573175457951e-03
2.042364134555400314e-03
-5.035043723875563988e-03
6.915771565947772398e-03
7.419157378697130304e-04
-5.037841391356311441e-03
5.839519530851832591e-03
7.157422408275174392e-04
-5.037289673020629160e-03
4.208936894805961892e-03
-6.508174465468246229e-04
-5.039984715124647824e-03
5.006766374430992456e-03
-6.777437064207919451e-04
-5.037922596136660235e-03
6.679917996245707083e-03
-6.840744094988006558e-04
-5.040686810687746919e-03
3.382872151706075529e-03
-2.038922693540847018e-03
-5.041110948510698492e-03
4.395094024147580200e-03
-6.914360955430609015e-04
-5.038714003426960665e-03
1.658703584349238138e-03
2.026907553504304557e-03
-5.038280412939747516e-03
3.068509882702651070e-03
-6.912374259234050885e-04
-5.037665789183466171e-03
8.343293224806586431e-03
2.565622773890973481e-03
-5.031351651021776297e-03
8.593457438162872830e-03
3.659434579114593557e-03
-5.022255523851869644e-03
7.492666714765978432e-03
-3.482708678793502467e-03
-5.045690824118835918e-03
7.547632281189141715e-03
2.561565636308117330e-03
-5.035068210341692163e-03
1.364868280103627559e-03
-3.533930078523667400e-03
-5.042074526119572075e-03
2.388943939023026146e-03
-1.729395579495637564e-03
-5.039892097297516207e-03
5.829428972785606622e-03
-3.498232420283903157e-03
-5.041136856063785712e-03
4.046166697929646713e-03
-2.042447356422815059e-03
-5.040642888623505201e-03
2.809971191361449339e-03
-2.054752231389061091e-03
-5.039421594868439755e-03
7.142704607119596504e-03
5.772722648080372450e-04
-5.035573097676087490e-03
7.226884962678988868e-03
4.844589806566178703e-04
-5.038407115662071889e-03
2.758179925339700623e-03
3.804756019835134253e-03
-5.022241140764163551e-03
8.792524845685956505e-03
3.808658320343378048e-03
-5.022164919658309544e-03
1.205819846946330027e-03
-3.626243766775337583e-03
-5.045548425451355963e-03
8.811376311254639354e-03
-3.627663202658384153e-03
-5.043502997367001542e-03
1.172533296926872321e-03
3.596674262208793098e-03
5.027908714980620052e-03
5.823349238963510671e-03
-3.340284174695719484e-03
5.048319554561107869e-03
5.818295791422695845e-03
1.054030558286738091e-03
5.040025423575649442e-03
1.466867904684496324e-03
1.064068606441390856e-03
5.037414418912035743e-03
8.525335607613687000e-03
-2.402531188602930433e-03
5.049687222806218539e-03
1.320272288979058937e-03
-2.391841046775415591e-03
5.045351675650047198e-03
8.640756565780317866e-03
3.620386243344980628e-03
5.028488255587194866e-03
2.497930834900035594e-03
3.595024530320212273e-03
5.026438503310103056e-03
4.161562084605292117e-03
2.166813861976142012e-03
5.037113030380770996e-03
4.999412646213760407e-03
2.047762439274467341e-03
5.035502411980499922e-03
6.917365626692841690e-03
7.448876063590688162e-04
5.044808671501244818e-03
5.840223662075007087e-03
7.210627493034960566e-04
5.041680746632614014e-03
4.209424193162750356e-03
-6.463297385993706408e-04
5.045203123864512237e-03
5.007201714547744077e-03
-6.719554202842998886e-04
5.044648818585605217e-03
6.681030195543609211e-03
-6.806757748541947478e-04
5.043968823524574291e-03
3.384474829066181755e-03
-2.036458654257890157e-03
5.046455179183353089e-03
4.396334981559020701e-03
-6.883828147123353253e-04
5.043682220869972338e-03
1.658235537297329115e-03
2.031044102111115215e-03
5.040113988831108720e-03
3.066865450666437544e-03
-6.885227277162228989e-04
5.042423929768430520e-03
8.345170675825555953e-03
2.570193832682345515e-03
5.034001933496587942e-03
8.596432903927468672e-03
3.662509199463709862e-03
5.027552266637815362e-03
7.497485504739702204e-03
-3.480358063362135219e-03
5.046443332098149610e-03
7.547427030947434501e-03
2.562280618721925803e-03
5.038275554104950336e-03
1.362940557270253365e-03
-3.527163799136041021e-03
5.049604292155980903e-03
2.389619545644383787e-03
-1.724454746590323249e-03
5.046181282717211898e-03
5.830105099397972848e-03
-3.492608444305110409e-03
5.049850737726948799e-03
4.046411341703468230e-03
-2.036835793849742747e-03
5.048905827410898710e-03
2.809731227279984537e-03
-2.050188944036197402e-03
5.046401788889244566e-03
7.142990418692852193e-03
5.816309042507061865e-04
5.041446069438939616e-03
7.228488405125565834e-03
4.864695966392875706e-04
5.041077417239350419e-03
2.757583951818457467e-03
3.809803030897361553e-03
5.023527100152230980e-03
8.797400821855651601e-03
3.806811168398123793e-03
5.022951973584396587e-03
1.207309129007689674e-03
-3.628074660368794165e-03
5.047152336795385913e-03
8.809410866108313698e-03
-3.625954806448486792e-03
5.050058548714628053e-03
1.171713314925080596e-03
8.756370212725780649e-04
3.354969308154564546e-03
-4.063652858163249970e-05
8.534763339589113455e-04
-3.439441546226342482e-03
-4.016753858985944165e-05
-3.409963759351474725e-03
8.283750435145707542e-04
-5.135654838170942776e-05
3.541567816744893744e-03
8.266738206920246383e-04
-2.398164148299672610e-05
-3.438051664156783951e-03
-2.455160183564203402e-03
-5.109203588086109229e-05
3.519919761448975747e-03
-2.385502171526619579e-03
-2.752958375706785165e-05
-2.412693430374164300e-03
3.606187795991806604e-03
-4.858757222833497537e-05
-3.411970413304301220e-03
-8.316550566971883315e-04
-5.083790921841256953e-05
-1.989512058693629955e-03
-1.746515119476477236e-07
-4.678541448394086925e-05
-1.852110133471639251e-03
1.932971674988109368e-03
-4.719318834992409758e-05
-5.692784269676172881e-04
8.415493269219512370e-04
-4.416586517266371677e-05
-5.663121621475133202e-04
-8.380715292597941055e-04
-4.508501867894096181e-05
8.222673297863514457e-04
2.468458591065358320e-06
-4.420961605893857329e-05
8.507891764961495254e-04
1.682202081872422516e-03
-4.251132290008249968e-05
8.210762539477701582e-04
-1.647267594095251945e-03
-4.277071345492975015e-05
2.306689963749851847e-03
-8.182266361301142104e-04
-4.064646254785531370e-05
-5.973740403329980261e-04
-2.480060847144431070e-03
-4.341062458844404743e-05
3.634579481899139278e-03
2.563958404306578530e-03
-2.802924020269960433e-05
-8.735067052172483353e-04
3.537898929906412981e-03
-4.467015958119983487e-05
-1.997880376631797853e-03
-1.660234749553561161e-03
-4.721287080781460469e-05
-2.158140058882706235e-03
-3.485799041680739084e-03
-4.802050893632712732e-05
2.554125251646121881e-03
3.664628810639745937e-03
-3.575101067305364478e-05
2.537533448065628673e-03
-3.650913580263297469e-03
-3.515587079675786697e-05
-3.470040005576429266e-03
2.514579522316656799e-03
-5.074731335407873536e-05
1.927029435630281656e-03
7.907966516364648086e-04
-3.903053129395378198e-05
3.877719558633429837e-03
-8.067236498946700560e-04
-2.386507630622872666e-05
2.007435367360661110e-03
-2.389461884132919930e-03
-3.756095232326777674e-05
2.229491795935589684e-03
2.148106542963333903e-03
-3.760789557129135528e-05
-6.969332813897046721e-04
-3.905547131112933976e-03
-4.402573665417551150e-05
-3.800794618768326967e-04
2.241770644089883559e-03
-4.421678867644162340e-05
3.806213454911776782e-03
3.796115170463007504e-03
-2.296664474165308192e-05
-3.617868927013114053e-03
-3.811144872602405080e-03
-4.982210622806330425e-05
-3.614568241771930462e-03
3.818338544181335090e-03
-5.029439329507755929e-05
3.807330846368894937e-03
-3.795083867253212697e-03
-2.439987520480698798e-05
-3.423914999119365057e-03
8.296150504158687636e-04
1.003962565900985010e-02
8.701899080789052016e-04
3.350385360238093257e-03
1.003835422098639865e-02
8.452491550345215274e-04
-3.434330735923094794e-03
1.003483436536689935e-02
3.543063820221668304e-03
8.269225897581003286e-04
1.002748427903211309e-02
-3.449132566072601706e-03
-2.455427119478845698e-03
1.004008161524082288e-02
3.519841148106423508e-03
-2.386532878712152323e-03
1.002855664539330748e-02
-2.426322888465871474e-03
3.603094878881104440e-03
1.003989489181036747e-02
-3.424191510738591217e-03
-8.291152269178263864e-04
1.004013943475954608e-02
-2.000677417401254803e-03
1.262449049779659864e-06
1.003968918813811888e-02
-1.863864960226501409e-03
1.932458931593727470e-03
1.004058718809886994e-02
-5.773911704614388164e-04
8.405291406988703220e-04
1.003713979879884005e-02
-5.794549175704343186e-04
-8.387036311370710956e-04
1.003593282936270092e-02
8.150091278129095642e-04
6.657403086231946805e-07
1.003546329906957781e-02
8.447783765252649818e-04
1.679222977887694177e-03
1.003727525658440305e-02
8.161757229730426909e-04
-1.645714089485087904e-03
1.003562772942374025e-02
2.308539470620236869e-03
-8.159743978410456070e-04
1.003742608007998464e-02
-6.098317391089395478e-04
-2.475656777563055733e-03
1.003636960561763401e-02
3.635491454755450120e-03
2.564101235167842718e-03
1.002731634745777922e-02
-8.825849887546351928e-04
3.533922242232647674e-03
1.004237846453422643e-02
-2.012296020737461451e-03
-1.658662156647585295e-03
1.004046421095259808e-02
-2.165638397944044148e-03
-3.484801825629422513e-03
1.003943618063628251e-02
2.550992602367451248e-03
3.660489882014953105e-03
1.003478255066703184e-02
2.532929409579846337e-03
-3.647879093769701344e-03
1.003257728439974246e-02
-3.488850199658588211e-03
2.512783658676722744e-03
1.003829186772890562e-02
1.924103906668348397e-03
7.888394155555199542e-04
1.003488914230961891e-02
3.878980804984129456e-03
-8.117177149368435532e-04
1.002501887490027215e-02
2.006030748795731376e-03
-2.387845090077683578e-03
1.003509036865210709e-02
2.227381245599281429e-03
2.144365896328956442e-03
1.003555882913203037e-02
-7.038452409773799040e-04
-3.903901223996288517e-03
1.003896603985387700e-02
-3.884578522295845755e-04
2.238279296342190073e-03
1.003875210037572657e-02
3.808706974357487299e-03
3.795823445003189932e-03
1.002417312167036903e-02
-3.628183754890895556e-03
-3.811452992774598970e-03
1.004202208342434323e-02
-3.630946269087961895e-03
3.815498692744468193e-03
1.003872586175605548e-02
3.805075569844620486e-03
-3.794287039679990117e-03
1.002300079772080153e-02
-3.357872656452531683e-03
-3.932663996080523056e-03
4.831171427483555922e-03
8.019671033611663067e-05
1.794680861712034822e-06
4.999882936830394274e-03
-1.660060603673318026e-03
-1.780238105687975041e-03
6.114064603241151259e-03
-2.377985774121290068e-03
-2.526574957531322642e-03
2.484546301822443144e-03
1.902580680875418833e-03
-1.823336693833900761e-03
3.127062724081862075e-03
1.896245598543125181e-03
-1.825360866062860580e-03
6.875223861586930892e-03
1.232763305177067862e-03
2.053474625634368108e-03
3.006761752604694433e-03
-1.467545666769801485e-03
2.085087545865046965e-03
6.596531427768573264e-03
1.645002148978237091e-03
1.568556997278473808e-03
7.086728186247986255e-03
-1.906171671590745596e-03
1.186560128149311607e-03
2.971301389121676698e-03
2.624528327047815149e-03
1.889359852477849068e-04
5.032004964084363201e-03
-2.356696345186267783e-04
-2.644244092861906554e-03
4.185197499746183547e-03
-8.128130941497074650e-05
-3.689838802251075114e-04
7.550635467994916243e-03
-2.685794078167663235e-04
-7.015450799548641602e-04
2.503156958712204980e-03
2.685943654823577838e-03
2.900987098414275264e-04
2.219595197005925450e-03
-2.476609279289169324e-03
4.516465012273313060e-05
7.587519188303187313e-03
-2.634550520976007386e-03
1.736977694947185148e-04
5.056588083517662285e-03
-1.301171948662587234e-04
-2.774471638490547034e-03
7.657210125718127980e-03
2.409853449935645160e-04
2.796908212632272326e-03
5.077532383656786080e-03
2.627771266695233272e-03
2.635558856917907377e-03
5.124078794333800785e-03
-2.718495383941153202e-03
-2.872553024973583877e-03
7.857837405065456332e-03
-2.811826840835431138e-03
-2.543106104140500749e-03
4.546056138417524546e-03
3.384002882538100212e-04
-2.932224352113504788e-03
2.060144393989231295e-03
9.838276331935557999e-05
2.947149033885204574e-03
7.946351157008467794e-03
3.003491517441708898e-03
-1.966333134411342529e-03
5.000019336703429539e-03
-2.799638735136016857e-03
2.996024993345711585e-03
2.042573301141688627e-03
2.979181248169216530e-03
2.955632018596555423e-03
2.049877941304375888e-03
-2.609617436685125400e-03
2.745179426335976874e-03
4.626745409358975353e-03
2.959820155292614430e-03
-9.190970974692192321e-05
7.840678501635217970e-03
-6.333851445331176600e-04
2.789393199179570661e-03
2.111442983448585855e-03
3.017402319704082410e-03
2.998143655339313186e-03
7.948101891115895434e-03
-2.838665164500319381e-03
3.011762042398025922e-03
7.982103209237751199e-03
3.092477716717305890e-03
-3.062076033496222236e-03
8.055731015350476101e-03
-2.782075089252516575e-03
-4.851520903289755610e-04
1.967891735018384089e-03
1.360120854375395771e-03
-3.124795748553370420e-03
5.359555893212198004e-03
3.093402083890977802e-03
-3.065429232922381626e-03
1.926647405150617998e-03
-1.514853422830347808e-03
-1.118907507723225156e-03
4.012087895672213599e-03
1.250484851436218245e-03
-2.209699345330599850e-05
3.461726161699033109e-03
2.968321166066617924e-04
9.766550254475458645e-04
1.689500689895790482e-03
2.291344514666290334e-04
-1.684150468419698789e-03
5.953664705690824357e-03
-1.056950040143828226e-03
1.130401843288019988e-03
8.207853703482535443e-03
1.347282291981029625e-03
-8.592833805628538732e-04
1.595787026660582582e-03
3.255851313146408688e-03
1.462373299175359718e-03
3.684673201504679984e-03
-1.202253328182482407e-03
1.431224822316180464e-03
4.773436467598284570e-03
-1.486861520125748373e-03
-1.466820032307935163e-03
8.202257906600448484e-03
-7.189846586815385517e-04
-3.363666941994010104e-03
5.842474802052117708e-03
3.341926429792245901e-03
1.362354290649455107e-03
6.331852507667042745e-03
1.318360083286188684e-03
-1.259561708998690837e-04
6.370758015874619130e-03
-2.479662069246313209e-03
-3.404743900077119613e-03
6.124867859313849229e-03
-1.226440138262417223e-03
2.728615877528637961e-04
6.259950630824351325e-03
3.245365204840140565e-03
-7.341304811118440962e-04
3.606199958132693881e-03
1.262711430887983191e-03
3.368698791139140142e-03
6.541621918312173767e-03
1.268324856783301351e-03
1.333490458045359563e-03
4.689725397587630844e-03
-3.211586525805023868e-03
1.305194506346126458e-03
6.425973947135074117e-03
2.507813723593420221e-03
-3.422080348346589942e-03
3.914312844857370348e-03
-3.399021883766604503e-03
-3.470072404625010841e-03
3.329060104126391542e-03
-1.044381508505448294e-03
3.282036123792632289e-03
3.856842991844890590e-03
-3.212944824907225990e-03
-1.437104872708705461e-03
6.885932819987538797e-03
1.444183575205063193e-03
-2.636205515379171603e-03
8.379112400790233658e-03
8.199406434165074781e-04
8.395495259563162411e-04
8.471307358773674800e-03
1.299291337020493054e-03
-8.683159404927381963e-04
8.515780571353740933e-03
3.306280777894509641e-03
-1.292942483533071705e-03
1.617629927987301571e-03
2.943997957211915047e-03
-3.347232717551257026e-03
6.232921241338511449e-03
1.429539678078692658e-03
-1.248682601785779719e-03
4.740744327320589764e-03
1.566513333419320482e-04
1.366503035336427392e-03
6.161519690114434199e-03
-2.521223676219356072e-03
3.495073497635151853e-03
6.270534844027911281e-03
-3.207410150452293801e-03
-9.786818231942672180e-04
3.879724845518081524e-03
-1.427391031541313312e-04
1.042937441849922610e-03
3.414972066036902135e-03
