6.767348989838915877e+05
4.580782788223943207e+05
3.214871629061058047e+05
6.203984207212695619e+05
6.487493752174212132e+05
8.868514695539150853e+05
6.945544986536704237e+05
7.251061234937658301e+05
5.182428500047494890e+05
5.106102803555906285e+05
8.143566743823025608e+05
4.909356611647861428e+05
4.395745275481708813e+05
4.235674779024316813e+05
6.975007022145461524e+05
3.576547420201125788e+05
6.261011276200722205e+05
6.842132123867745977e+05
5.811650451162223471e+05
4.136285652517497074e+05
8.049236645748945884e+05
6.247696640464734519e+05
4.825864033826753730e+05
6.299499867717801826e+05
3.026287807075949968e+05
4.974137741458061500e+05
5.260596934289388591e+05
6.531103059958820231e+05
7.720652482346589677e+05
6.174604212312211748e+05
7.433231350214941194e+05
6.306950257980322931e+05
7.939179284091172740e+05
5.786806415591879049e+05
7.052002218950524693e+05
3.984811491208879743e+05
3.818784495921015041e+05
4.995890873666730477e+05
7.426201553909733193e+05
8.098880269592999248e+05
2.993850893585828599e+05
6.880794348644223064e+05
6.734858884887006134e+05
7.417669051508965204e+05
5.061787766703279922e+05
6.388678797908484703e+05
6.654316979473837418e+05
4.277510047494806931e+05
3.686703440321804956e+05
4.817950151041182689e+05
5.853882290131291375e+05
6.031512327832005685e+05
6.835721251302961027e+05
7.281643068425384117e+05
6.464719412337281974e+05
7.442638816610082285e+05
7.169912076312982244e+05
5.259692469107985962e+05
7.094615453538500005e+05
4.942244074474164518e+05
3.651428655732343905e+05
6.597869973910195986e+05
6.208700313548875274e+05
6.730757180790357525e+05
3.327340151230315096e+05
3.167347837956881849e+05
7.120612862855987623e+05
8.790152634084151359e+05
6.913551680935844779e+05
6.236143858572350582e+05
8.017961714812788414e+05
6.984822671079637948e+05
5.927934124356402317e+05
7.248698987227020552e+05
5.635667943039940437e+05
7.084743938627586467e+05
6.391398479939516401e+05
8.226772300186107168e+05
5.688778812101968797e+05
2.834682306244871579e+05
7.588411251432766439e+05
2.663634397702851566e+05
5.236408305182690965e+05
6.005059132849522866e+05
3.083584921443304629e+05
6.798201116908915574e+05
7.973392169329482131e+05
2.864880267293705256e+05
5.159313255185308517e+05
6.774443668687719619e+05
6.352860349968957016e+05
4.119626989882313646e+05
6.557435728378307540e+05
6.916082824758609058e+05
4.538600454744145973e+05
4.299008263734241482e+05
4.187223421082159621e+05
5.606387518078464782e+05
5.625190311061133398e+05
7.669052552221193910e+05
5.959547389607194345e+05
6.896121694041858427e+05
3.183849386285412475e+05
6.021991828052049968e+05
5.699906222056997940e+05
5.265853577320841141e+05
5.292581026303744875e+05
3.384912441426524892e+05
3.603929680034909979e+05
7.279142355471617775e+05
7.363273395521357888e+05
3.522193295567299356e+05
4.288204857831016998e+05
4.781458503974921769e+05
6.309506235246162396e+05
4.772957184387950692e+05
6.932835842241616920e+05
6.651826134222664405e+05
5.274021350110747153e+05
7.352556421609047102e+05
3.531065627901872504e+05
6.104902609963089926e+05
5.456558352735168301e+05
6.662854186151727336e+05
6.946415374325939920e+05
2.353522617856530414e+05
6.517724381557725137e+05
2.243006343207057507e+05
7.113529365243673092e+05
6.369711087391437031e+05
2.664162441874957876e+05
5.824311051830167416e+05
3.947095625824459130e+05
3.792652709475188167e+05
8.035836825057226233e+05
7.663791568015982630e+05
5.000023139013033360e+05
5.899264221706362441e+05
3.672781780097514275e+05
6.984194275086832931e+05
4.888573595169267501e+05
1.452944324857109925e+06
5.484359717170457589e+04
5.730874591717303265e+05
5.447871015085894614e+05
5.986695360925708665e+05
5.695566457814443856e+05
4.741995581440728274e+05
7.832034333273839438e+05
3.522256075730684679e+05
3.371867793965669698e+05
6.534358731815443607e+05
7.153712528185341507e+05
3.616245532050176989e+05
5.923858716681101359e+05
9.500593807716923766e+05
7.289612059882688336e+05
4.921805576942207408e+05
4.828121964798545814e+05
5.169834425569737214e+05
8.770320330674299039e+05
6.264865790793258930e+05
6.826683258882468799e+05
3.487145836908161291e+05
5.581648425087318756e+05
4.478142496041419217e+05
6.905412022066346835e+05
4.098625870924041956e+05
5.004917389672370628e+05
4.570928346534221782e+05
1.954078388706292899e+05
8.377849025820312090e+05
2.554736014503724582e+05
3.276272173393824487e+05
4.664394491290171864e+05
3.841276917944080196e+05
6.773269241510401480e+05
5.339811533694994869e+05
7.663186508500227937e+05
6.797018327807270689e+05
2.830019283590131090e+05
8.388380184840394650e+05
5.441346576603326248e+05
4.386761838666503900e+05
1.867712004994061426e+05
8.976328258897301275e+05
4.875696205301604932e+05
8.269786921467354987e+05
4.233891401095676119e+05
4.175919742034697556e+05
5.358624657607392874e+05
4.477466380020429497e+05
7.370890940912096994e+05
7.515490200737559935e+05
8.829832834994849982e+05
7.448494430748036830e+05
6.100600656163899694e+05
3.470974018490016460e+05
8.102885413661801722e+05
8.376675034627633868e+05
7.090224885041449452e+05
5.719777634618672309e+05
6.004205736884704093e+05
5.876219144463663688e+05
5.829888106296942569e+05
7.655313159694949863e+05
7.334557475835658843e+05
7.381974508534616325e+05
5.944626483689181041e+05
7.808731033400658052e+05
5.023716114070258918e+05
5.915464354341656435e+05
6.623003447170505533e+05
3.493274848581798142e+05
7.241540834250270855e+05
7.085624604809322627e+05
4.352936673410750809e+05
1.799500967832236551e+06
8.242284015671875095e+05
1.221615340236796765e+06
5.363264684366562869e+05
7.493929738307595253e+05
5.363789887399720028e+05
4.439652897480204701e+05
1.144734510168295121e+06
5.292528307817324530e+05
3.409698012031558319e+05
2.423396218690693495e+05
5.621477580894016428e+05
4.738510811412569019e+05
6.112103418898314703e+05
2.551736525693114963e+05
4.904399059962922474e+05
2.145508975280790764e+05
5.166225728392199380e+05
7.416137437935700873e+05
6.725101603915907908e+05
2.864537910492829978e+05
7.279675728508670582e+05
7.018550917850701371e+05
5.493317855705820257e+05
7.640404378363692667e+05
4.661048274093474611e+05
7.968397591466162121e+05
2.762009736248792033e+05
3.718921203281957423e+05
5.576827531115652528e+05
6.604558169530603336e+05
3.519695063630463555e+05
6.224507499007493025e+05
2.177903836605001416e+05
6.207186576172987698e+05
3.386874304129980155e+05
4.751431816575091798e+05
1.022512334732701769e+06
5.821147616708879359e+05
7.031453354658093303e+05
2.222384595918487466e+05
3.992601311484681792e+05
5.309597300973341335e+05
6.623559911650374997e+05
4.441662943727364764e+05
6.680020738111931132e+05
5.023977693465308985e+05
2.742281028729060781e+05
6.687076158267715946e+05
7.127052593139004894e+05
7.687091734472459648e+05
4.712246653313811985e+05
7.453291835507375654e+05
7.554619535551121226e+05
5.756720436129309237e+05
6.208376676409119973e+05
5.856092542458145181e+05
2.644036677288042847e+05
6.316631665879184147e+05
5.992620509842194151e+05
3.966735672637165408e+05
6.555103465164550580e+05
4.736283756047074567e+05
1.943072745905072661e+05
2.349799127959993202e+05
6.798924388579842634e+05
4.905404076510583400e+05
2.455263187553932366e+05
9.466325584235287970e+05
5.254314898821957177e+05
8.275286345500670141e+05
1.938192277654791833e+05
6.733134190595279215e+05
6.743948067881976021e+05
5.957126272001693724e+05
3.847725286335505079e+05
3.300113882438063738e+05
6.134489183980567614e+05
4.069334303274811828e+05
2.244427860188804625e+05
4.851342681252813782e+05
2.149493949939754384e+05
6.096604909175969660e+05
7.540930861098391470e+05
2.651491098960792297e+05
6.935935028212154284e+05
5.057443012599086505e+05
7.814009609774003038e+05
7.651720802815342322e+05
6.456915849805035396e+05
7.553849400527146645e+05
3.389823942845196580e+05
3.905868290104784537e+05
5.951370528902851511e+05
7.883448867703581927e+05
7.740827680804507108e+05
3.871869752326802700e+05
3.141816107827695669e+05
5.213306488969204365e+05
4.200503129883270594e+05
6.500079411205505021e+05
3.017961393117801053e+05
5.883561265088910004e+05
2.524720682359766797e+05
3.207037726093664533e+05
5.186070664209044771e+05
5.422581525767369894e+05
3.959414082078334759e+05
3.125448962147485581e+05
8.235910847321239999e+05
1.733063451402531064e+05
5.184055025428057997e+05
7.356133946595765883e+05
6.879387812443085713e+05
4.019841343050145078e+05
3.353013002341816900e+05
4.548033906671798904e+05
6.102447330341818742e+05
5.968012923369919881e+05
5.356261578696256038e+05
9.179179968806416728e+05
2.510085297459152644e+05
6.853906438791028922e+05
3.844953234891985776e+05
7.320812702436879044e+05
5.232415072958093951e+05
2.416614809359305946e+05
3.643014762856120360e+05
4.213049843934149831e+05
6.851134812863426050e+05
7.637020210053083720e+05
3.709358338476681965e+05
7.144984488681345247e+05
6.401440137803135440e+05
1.121879189440264134e+06
7.511489761434117099e+05
6.394273650473440066e+05
8.401714561164794723e+05
3.633532356101736077e+05
3.381249469164190814e+05
6.077577405140568735e+05
6.530249539375063032e+05
5.036792874993168516e+05
4.852060406531070475e+05
4.844842740268529742e+05
4.053471276618912234e+05
7.598559271864177426e+05
3.193567291601116303e+05
5.887292077352465130e+05
6.946736539169757161e+05
5.516551339747593738e+05
6.395727757325313287e+05
7.728095130851988215e+05
2.598102438496711839e+05
2.902915785882576020e+05
1.074435011115693953e+06
5.717399816491840174e+05
6.633144795753110666e+05
2.017726401398231974e+05
2.222007502024588757e+05
2.867079772469036980e+05
4.669831519599586609e+05
6.113289166889388580e+05
7.636398595682631712e+05
5.238608707312396728e+05
7.060698346854945412e+05
1.904662017922426749e+05
7.770439481798631605e+05
3.813191213526062784e+05
4.431792251865178114e+05
5.529220185510440497e+05
7.687903431172545534e+05
6.019872485680454411e+05
6.602289578871901613e+05
7.551188226254882757e+05
1.247461449243555544e+06
1.150777633244185010e+06
4.757474676488501136e+05
4.349059183974608895e+05
7.288608141454347642e+05
4.368720925812030328e+05
4.387510079984490294e+05
8.109899603303904878e+05
2.331873169032549777e+05
6.438208880252889358e+05
1.374715335361535661e+06
7.343891840815817704e+05
8.176498667166783707e+05
4.107965178486743825e+05
4.080657152288391371e+05
4.482653783558973228e+05
4.093887537391097867e+05
2.474747272791673022e+05
5.135828063351898454e+05
4.689494590216286015e+05
8.283299737245164579e+05
8.925645196427226765e+05
8.612012199345685076e+05
4.429795468849454192e+05
6.634101718970419606e+05
7.565554734331005020e+05
5.682751715011080960e+05
3.830577684594496386e+05
8.256702423918821150e+05
7.211136493619482499e+05
3.446043055780004361e+05
4.394051085486785742e+05
7.245844911314841593e+05
6.323989533656316344e+05
2.983280387466431712e+05
5.576894124075137079e+05
2.673511049397366587e+05
8.301870643735979684e+05
4.902205155308113899e+05
6.442780934465361061e+05
6.525896844667480327e+05
3.690897642601568950e+05
6.845004732283571502e+05
6.818812787480636034e+05
2.104819917314343620e+05
3.998950205638986663e+05
5.714355386921747122e+05
6.001141141685686307e+05
4.654259463646493969e+05
6.035302030514255166e+05
3.636854750787216472e+05
6.251098484200685052e+05
5.430824723484850256e+05
5.576457270840767305e+05
7.156593144659905229e+05
2.944524766142238514e+05
6.452164158930231351e+05
6.288920317360794870e+05
3.509025263122926117e+05
4.855531265996018774e+05
8.368480050167257432e+05
6.711785414853289258e+05
6.008741794439817313e+05
3.639803792117258999e+05
2.936783978948832373e+05
3.807891870382877532e+05
3.063089520317260758e+05
5.078461036005599890e+05
6.555194367021702928e+05
5.925997344944657525e+05
5.035279657162966905e+05
4.415666838459360297e+05
3.481240753854893264e+05
5.054255373775642365e+05
4.341622714611718548e+05
2.826977434607982286e+05
9.290919342219660757e+05
7.178712144218169851e+05
4.993264260424005333e+05
6.585385419389375020e+05
6.973483095234382199e+05
5.594614066761278082e+05
1.539778228126380593e+06
6.977111657963265898e+05
4.966951457611323567e+05
2.806458669908795273e+05
1.540011087059448473e+05
2.137291695467373356e+05
5.791055809664976550e+05
7.492515011364878155e+05
7.851421096021337435e+05
6.731018237736086594e+05
4.025245166886090301e+05
3.137425504647305352e+05
7.631772989908533636e+05
2.965187891985563911e+05
9.022855759128314676e+05
4.442095885657211184e+05
5.441714172657174058e+05
2.001186643186006695e+05
2.421865719826302666e+05
3.519382066319949809e+05
6.087908646217494970e+05
4.631860024339259835e+05
6.213471061981968815e+05
5.249298418465764262e+05
6.466816650048876181e+05
2.688693454652549699e+05
4.167372461931553553e+05
3.926516026622740319e+05
5.271470774487113813e+05
5.009994126370713348e+05
6.215722753191451775e+05
5.848583837118541123e+05
6.065620391826096456e+05
7.554100326709385263e+05
3.079338859545721789e+05
5.353865660228130873e+05
4.271224908461176092e+05
5.266027224264012184e+05
4.336210289494947647e+05
2.513707003376487992e+05
6.635279213828010252e+05
1.201479198959596921e+06
2.771802606938583194e+05
5.326258907161095412e+05
3.874841322125808802e+05
5.697374863414404681e+05
7.957326266274013324e+05
3.440795775481199380e+05
6.070944127257980872e+05
4.481915411749479244e+05
6.621982607322039548e+05
6.855406871897394303e+05
6.950545600683223456e+05
6.079370604262722190e+05
3.453266205449793488e+05
8.126351970094946446e+05
5.906101979500490706e+05
6.242930036568894284e+05
7.693192374380026013e+05
7.472468533651959151e+05
7.310062285447219620e+05
3.739663450532477582e+05
5.516029214754546992e+05
6.681544363110135309e+05
5.604536223272380885e+05
3.469526544546216028e+05
4.824527286490277038e+05
4.347925937938701827e+05
2.686427330013958854e+05
5.099779849183420301e+05
6.847261752886765171e+05
7.804441850049069617e+05
6.031106055367286317e+05
7.865580277086044662e+05
4.810067843099680613e+05
6.394422592446947237e+05
1.194014146711642621e+06
8.054323993113874458e+05
4.846685971562684281e+05
5.833018648243333446e+05
3.798807863987017190e+05
4.463254343841898954e+05
8.526122820026484551e+05
7.520846286999005824e+05
5.022968577330043772e+05
6.531741025099048857e+05
5.076796145848433371e+05
8.166604042729286011e+05
8.216217652601863956e+05
6.232942625096059637e+05
5.718788582694912329e+05
1.366807844606086379e+06
8.138123113867751090e+05
3.877415398697098135e+05
2.936754899591879803e+05
5.730640193908535875e+05
6.619581424632703420e+05
6.574650136605638545e+05
3.612278427568399347e+05
6.049165567566410173e+05
8.576905285093567800e+05
5.017585756647131057e+05
3.407555702797219856e+05
8.117998952669518767e+05
5.880893518816643627e+05
8.036868732051261468e+05
6.267949293389660306e+05
1.164678112678189063e+05
8.117630103502174607e+05
1.182790914397036191e+06
6.863961358483912190e+05
5.388644083689677063e+05
4.098655746957023512e+05
2.081292370761077564e+03
5.529447168623292819e+05
8.392118858050822746e+05
7.660453473948120372e+05
7.085937241476711351e+05
8.912542176847249502e+05
5.727513511667759158e+05
5.498053125363016734e+05
8.141952748792502098e+05
5.094862450069372426e+05
4.267177146836260799e+05
4.669894876860373188e+05
4.997102071237327764e+05
5.921128213118723361e+05
5.340840998969667125e+05
6.817534534569181269e+05
8.105988481900703628e+05
5.233251063920016168e+05
3.349553895536251948e+05
4.236973162830367801e+05
6.665649917680593207e+05
3.775882938557340531e+05
4.326374963956623687e+05
3.381639922392006847e+05
2.669992472860576236e+05
5.666111916891658911e+05
6.903508941352530383e+05
8.298798926398371113e+05
5.266844684548665537e+05
7.466934232122391695e+05
8.691189883826600853e+05
7.076598311281609349e+05
6.297653103342034156e+05
7.701207377566101495e+05
1.858252272806682158e+05
5.244157164712512167e+05
1.654299191613608273e+06
6.971779912391708931e+05
2.245455706295126874e+05
1.851675088930711208e+05
7.027330262674392434e+05
4.777765488781890017e+05
5.355036833429626422e+05
3.265359978120859596e+05
3.526857792377558071e+05
6.019191218130724737e+05
8.717419140937431948e+05
2.341112691445814853e+05
3.460422242493273807e+05
6.782014830726709915e+05
7.299649898132287199e+05
8.504976510204339866e+05
9.903696473909293127e+04
5.011724868271311861e+05
8.457361988779577659e+05
4.984729524145668838e+05
5.149982260368561838e+05
5.319702918374842266e+05
1.423265118690674717e+05
6.180213833843577886e+05
5.293517332228953019e+05
6.097750945653475355e+05
3.505473545050477842e+05
7.225611517684344435e+05
6.702797289255558280e+05
7.584246328062813263e+05
7.976644477970320731e+05
7.966753763512532460e+05
7.004245354469377780e+05
6.517042769450455671e+05
3.873077785779433325e+05
4.593620006078289589e+05
7.995555179287880892e+05
6.836563064122758806e+05
8.283666094076535664e+05
5.639463786184181226e+05
7.860656153924220707e+05
5.216797435752202291e+05
6.744416905678862240e+05
4.875758904916628380e+05
6.816403724662336754e+05
4.791308051593695418e+05
8.525400733090119902e+05
7.837562774705431657e+05
7.701902622507042252e+05
2.679739996632540133e+05
3.225202755657801172e+05
5.722361440439516446e+05
7.371216309172463370e+05
5.469719666868466884e+05
3.122532790508050239e+05
6.068555852062485646e+05
3.667872202036555973e+05
6.306753195894007804e+05
5.603903154821891803e+05
7.550523669065457070e+05
4.788186055847143289e+05
4.332407165275638690e+05
6.629354784989662003e+05
2.883620115956719383e+05
6.117644721888743807e+05
6.248161780955676222e+05
6.038415213086103322e+05
5.449156829539947212e+05
3.089736822376934579e+05
2.598315289645443845e+05
1.857312363262779545e+05
7.130252705432291841e+05
3.746480054090591730e+05
6.237269806249201065e+05
8.971210654099518433e+05
2.894590969681099523e+05
5.441181358834680868e+05
8.482935851933531230e+05
1.190348785561898403e+05
7.929214009735104628e+05
7.553978139836651972e+05
5.049772682218461414e+05
5.947189256623513065e+05
4.384114865649187705e+05
5.113883919512815773e+05
5.044683541668797261e+05
6.363035960616688244e+05
6.980049266941389069e+05
4.182222985232999199e+05
5.619829980364691000e+05
3.485356815369179239e+05
2.534129379572136677e+05
3.928962519382765167e+05
3.150223922665279824e+05
2.703378063521489967e+05
8.471585012123502092e+05
6.815861791797542246e+05
5.331563891445759218e+05
3.425310659705468570e+05
4.624647871467765071e+05
6.806042174508947646e+05
4.741032271966825938e+05
3.716982947383934516e+05
6.619236924735608045e+05
5.269455214999588206e+05
3.576041892875683843e+05
4.724813982309455751e+05
3.215016179050704814e+05
3.010320516603377764e+05
7.332755405197676737e+05
9.449827462999472627e+05
5.046942676318509039e+05
3.170062254594109254e+05
5.742464522566131782e+05
4.184168494579448598e+05
3.390635794766412000e+05
6.181465975027204258e+05
4.599022220314565930e+05
5.977103068974858616e+05
4.827389642245635041e+05
2.957601148508089827e+05
7.152695544676216086e+05
2.773775760754370713e+05
1.073239357911766972e+06
3.163776294430938433e+05
5.065532923037760193e+05
4.096846602534308331e+05
3.571689695810756530e+05
6.533168768494992983e+05
6.905224701835464220e+05
8.072462892354901414e+05
6.358198423610233003e+05
2.674283634815817932e+05
2.975763493723647553e+05
2.285905469084811339e+05
3.162811240544638131e+05
6.505165136511819437e+05
5.409643451381720370e+05
9.386754842388582183e+05
5.099755580136865610e+05
2.360375237122833496e+05
7.992677331104986370e+05
2.639324005572085734e+05
5.034319487877318170e+05
7.457224642466310179e+05
7.605230811476194067e+05
4.756019363465435454e+05
4.087440030479134293e+05
3.458605763046913780e+05
4.258268538425033330e+05
6.431843056754355785e+05
3.153813055364879547e+05
6.173369913188592764e+05
7.135869257326156367e+05
4.587856358544176910e+05
1.618737048286189383e+05
5.694808983211953891e+05
3.881389017883084016e+05
4.057506398706425098e+05
4.526309031787212589e+05
3.164810641994209145e+05
6.278326234884306323e+05
3.714667216047763359e+05
7.321566386515130289e+05
3.916013579884542269e+05
3.810366846996668028e+05
5.677134049195015104e+05
4.535313220209443825e+05
3.764846897719519329e+05
2.870486114291811245e+05
3.743368181491642608e+05
6.164492374784621643e+05
5.580077109093441395e+05
3.543562193214159342e+05
5.890463224103229586e+05
7.158871852750956314e+05
6.501908054039451526e+05
4.353841464289298747e+05
5.607729623368436005e+05
6.284172805541969137e+05
7.673604995348048396e+05
4.873785415403041407e+05
7.893257180011306191e+05
2.649948461676978040e+05
5.300189951621609507e+05
5.405197757549582748e+05
7.356363244835798396e+05
6.703694551813617582e+05
2.803684689894036856e+05
7.757147055963156745e+05
7.457350257629202679e+05
6.881398371854980942e+05
4.808325892667800072e+05
3.751869018075965578e+05
4.427933173118621344e+05
4.021462393053731648e+05
6.500100031067254022e+05
4.368336441956048366e+05
5.021822389131178497e+05
8.155235219808340771e+05
2.954034903379568714e+05
5.549546056250568945e+05
5.983770943379157688e+05
5.140627208425328718e+05
2.594965752478307404e+05
5.487080870241954690e+05
6.317501602483806200e+05
5.987173194858653005e+05
4.402954207933966536e+05
2.653681081061146688e+05
2.483738893583055178e+05
4.685490482436405146e+05
6.919696269457028247e+05
5.147660852926010266e+05
7.490676682954429416e+05
3.916381234033139190e+05
8.147199760790579021e+05
6.233095391743708169e+05
3.692376455713583273e+05
4.722398574419367942e+05
2.401193874366639357e+05
6.437761626258919714e+05
9.537910029045459814e+05
6.987878062689630315e+05
3.274189092301309574e+05
7.159908927555968985e+05
4.868473485987663153e+05
4.404827677081073634e+05
3.781497757669858402e+05
2.896429357455747086e+05
5.685659280617946060e+05
2.768381193050684524e+05
3.799817083621592028e+05
5.800723019920047373e+05
5.020544267034226214e+05
7.691624382541534724e+05
5.833512720821002731e+05
4.015602233249194105e+05
5.583277066381922923e+05
7.832155977595074801e+05
7.492608936670676339e+05
3.212658170366596896e+05
7.555292520367895486e+05
2.890081765453736880e+05
5.902417822112208232e+05
4.652840489267653902e+05
7.077133607737163547e+05
4.784022137262910255e+05
2.548382829727139906e+05
5.430361674179518595e+05
7.666640940485734027e+05
7.032457195501286769e+05
2.400678170250467956e+05
3.694477678659616504e+05
3.059119232931137085e+05
7.556702208587392233e+05
5.435605071284467122e+05
7.008320710568934446e+05
4.144299626366898301e+05
3.692139042726844200e+05
7.869957662639768096e+05
4.222774445972701069e+05
6.842045213706301292e+05
3.422877990278694779e+05
6.053105242174495943e+05
2.936269364883802482e+05
7.775129933032253757e+05
5.004080234525458072e+05
4.179275700472618919e+05
6.171166509644552134e+05
5.715969300942104310e+05
6.841214286075035343e+05
3.430835575296853785e+05
4.044539295236019534e+05
4.447578481853767298e+05
4.734819510323752183e+05
5.203452601872891537e+05
2.930453875836005318e+05
2.699210014867694117e+05
6.938341438406925881e+05
2.975126496346722706e+05
3.394277777480664663e+05
6.203748498232876882e+05
6.522726511207843432e+05
2.712007790947903995e+05
6.188828560418973211e+05
5.375953217901438475e+05
4.896972523078348604e+05
4.123045560950890649e+05
3.605097915767678060e+05
6.436023844901130069e+05
5.168031505364316399e+05
2.893870978602931718e+05
4.771693559721073834e+05
3.628330317040548543e+05
4.730834133174864692e+05
5.792009779049577191e+05
3.870658766934849555e+05
6.734647817668929929e+05
6.455056927233331371e+05
6.315638716605860973e+05
5.031491745892105973e+05
5.568460914123131661e+05
2.265769227143869794e+05
6.178061590459727449e+05
7.151067899431283586e+05
3.327461858823026996e+05
7.379751416794678662e+05
8.781820034838116262e+05
4.385570489811233710e+05
3.910634199069643510e+05
7.144605632664180594e+05
3.332512736622443772e+05
5.131205264886444784e+05
5.063830525604069699e+05
6.477629002820462920e+05
4.024367835022867075e+05
7.505395622952349950e+05
5.456039568730723113e+05
3.255494491513475659e+05
4.501295243134433404e+05
6.452092726731157163e+05
7.736962653162893839e+05
6.797780435489037773e+05
7.403214091218452668e+05
4.519507997333550011e+05
7.214547860418355558e+05
5.203896819060813868e+05
7.870555620876555331e+05
3.158110073596629663e+05
6.379656833279029233e+05
3.827957482481105253e+05
8.354136050836070208e+05
6.694589173137457110e+05
2.579705521894985868e+05
3.590805441082642647e+05
3.761214569583297707e+05
2.848099633441242040e+05
2.279913456893491384e+05
3.475777915328659001e+05
4.565703923066028510e+05
7.521945999841372250e+05
5.692073142275712453e+05
6.086538465493809199e+05
5.151627578141833073e+05
3.237638814141424373e+05
7.363378222868932644e+05
6.425756221772399731e+05
7.371878252058166545e+05
3.569120460707779275e+05
7.867315192523931619e+05
2.851311612681454862e+05
5.792815749563545687e+05
3.128074988960476476e+05
5.546310546487439424e+05
4.999446296007191413e+05
4.236240940736099146e+05
6.644534126849869499e+05
2.947403437947402708e+05
6.925200412667436758e+05
7.337356222156034783e+05
2.939712934503605356e+05
6.260590345055597136e+05
7.164636286999881268e+05
2.876610146943848231e+05
5.195739689531197655e+05
7.096147063718291465e+05
6.752777143700830638e+05
4.596605661801917595e+05
8.073163680303510046e+05
3.421257671545420308e+05
5.681186410119654611e+05
4.831526810191265540e+05
3.476790486634653062e+05
5.919789308778967243e+05
5.756035229193721898e+05
2.774446112113245181e+05
2.495300176945886051e+05
1.648026384305607353e+05
7.148750809711352922e+05
5.954190711176086916e+05
4.825896736888076412e+05
3.801541510243955418e+05
2.657173474666152033e+05
7.303821685488240328e+05
4.248724952297111158e+05
5.738625603193576680e+05
4.061222518619809416e+05
6.673197565251975320e+05
3.276611758108465583e+05
5.528138973270880524e+05
7.984215500662521226e+05
3.656254739432989154e+05
7.232993960776861059e+05
4.001077219687878387e+05
6.610430841421759687e+05
3.947556754597221152e+05
7.600861765043229098e+05
7.773897766826123698e+05
7.637755185937033966e+05
3.925362040660240455e+05
7.045093221591807669e+05
8.008074220317406580e+05
3.944303756284618867e+05
4.992789167420085287e+05
4.531301910014559980e+05
6.277712024195583072e+05
4.708484956686545629e+05
7.408170808275314048e+05
6.258258561738840071e+05
3.894416347911756020e+05
7.179666350534869125e+05
7.640341361757630948e+05
4.702043153950275737e+05
6.795794100274188677e+05
3.789708645499305567e+05
4.205650100734671578e+05
7.122932733630443690e+05
7.723933702175195795e+05
3.550291144583519199e+05
7.188600752980828984e+05
4.088951034253758844e+05
2.540489179553104041e+05
7.916233974453314440e+05
5.890515996844375040e+05
6.961703636749930447e+05
5.312457558852812508e+05
3.528587335590600851e+05
7.678201925788032822e+05
3.072879481748673134e+05
4.490351448863920523e+05
8.404234688196540810e+05
8.235380823658549925e+05
6.121619003221552121e+05
7.343170565673202509e+05
3.472693886754386476e+05
6.361988329497213708e+05
3.739608264969740994e+05
4.770887523879636428e+05
8.359614836874530884e+05
2.742305288240494556e+05
7.532322960055291187e+05
5.613263313673910452e+05
3.201741835595023003e+05
5.652810304140410153e+05
3.940162807756042457e+05
8.031530690641296096e+05
5.569308308386304416e+05
4.859533852267084876e+05
4.320940060426087584e+05
3.523162359279398224e+05
6.880414969768474111e+05
1.205132710449892620e+05
6.394769083033942152e+05
3.631487841907143011e+05
8.695321219200491905e+05
4.511083748571136966e+05
2.558747328013196529e+05
4.646057542689561960e+05
7.152647594149990473e+05
7.894198779848630074e+05
2.739838494937022333e+05
4.478734843798322836e+05
4.867410705212005414e+05
5.908676957791129826e+05
4.802487680767598795e+05
5.610234631665707566e+05
3.630249172578434809e+05
8.155140810482291272e+05
7.653743477890635841e+05
5.325456429460897343e+05
5.024462258522491320e+05
5.563528910854411079e+05
6.731105205034598475e+05
3.817731754431292647e+05
5.649633196003742050e+05
2.659405952858782839e+05
6.342954878123657545e+05
4.523004990578677971e+05
3.473717297781406669e+05
4.140048880786180380e+05
7.531962035982280504e+05
3.218923508463264443e+05
2.398434996232448320e+05
5.438867496471648337e+05
3.222361114137451514e+05
7.161754242260521278e+05
4.708614118285456789e+05
2.494264235795007262e+05
6.071818987876832252e+05
4.912786743656030740e+05
6.691215195722273784e+05
3.044815485442995559e+05
2.865920216917230282e+05
4.156274127195797046e+05
2.599715277538957889e+05
5.049873250953321112e+05
6.145652735160491429e+05
6.751883717559286160e+05
2.105719732165764726e+05
4.741427953585818759e+05
7.330541407859561732e+05
3.666839453916726052e+05
4.774576549998577684e+05
4.405623077639947296e+05
7.291494420465297299e+05
8.488512970649915515e+05
