-4.833946977416124155e-03
-5.099395578272936103e-03
9.205440145910020674e-03
-5.000000000000000104e-03
-5.000000000000000104e-03
1.815745490668664064e-21
-4.840442708212124717e-03
5.219689443201123817e-03
9.030560231250645345e-03
-5.000000000000000104e-03
5.000000000000000104e-03
1.739952625628022577e-21
5.653698455074049160e-03
-5.217925042876452382e-03
8.695040840359182649e-03
5.000000000000000104e-03
-5.000000000000000104e-03
2.705678812682498274e-21
5.675438557385306844e-03
5.452766165316869952e-03
8.693926547047297476e-03
5.000000000000000104e-03
5.000000000000000104e-03
2.883790385309442081e-21
-5.260854501466265785e-03
-5.202886750612834357e-03
1.496892574146811792e-03
-5.420441143966748046e-03
-5.308598296092064371e-03
3.072352543056790491e-03
-5.420004005076068006e-03
-5.450290544726094089e-03
4.662054299235808552e-03
-5.312018216038657398e-03
-5.476787450769369202e-03
6.139679994303081159e-03
-5.117899729202817459e-03
-5.322555379984886086e-03
7.663356914134475222e-03
-4.893797395626925395e-03
-3.357479936358870234e-03
9.029311466448418019e-03
-4.865647049447727884e-03
-1.669563789985764948e-03
8.678845415870767646e-03
-4.884663178809554862e-03
1.563456398461912026e-04
8.610779198308979310e-03
-4.889401050302478145e-03
1.872925698650128529e-03
8.718416905445110915e-03
-4.784843260091715955e-03
3.640268637216156900e-03
8.868305725934931896e-03
-5.245564319012960448e-03
5.220416840485465372e-03
1.443340742479788143e-03
-5.439236142097693058e-03
5.425988390977815740e-03
2.931284148832348502e-03
-5.490198760717165428e-03
5.541889017134162508e-03
4.448254788717394791e-03
-5.397615279844371339e-03
5.595744171282516534e-03
5.913762822661176519e-03
-5.103909177357970547e-03
5.492038859446952276e-03
7.437358258820660900e-03
-5.000000000000000104e-03
-3.333333333333333981e-03
2.806375067631914542e-21
-5.000000000000000104e-03
-1.666666666666666990e-03
2.334600939972331959e-21
-5.000000000000000104e-03
-6.938531550251195908e-18
3.003346629085201865e-21
-5.000000000000000104e-03
1.666666666666652028e-03
3.261053760465157929e-21
-5.000000000000000104e-03
3.333333333333324006e-03
2.736798679881517072e-21
5.238047846631516645e-03
-5.353643793882367774e-03
1.362830227817947871e-03
5.520435350217420788e-03
-5.603928565709377120e-03
2.812611269444417750e-03
5.689950226725643510e-03
-5.660958280138052301e-03
4.249698868955259848e-03
5.784800446514101399e-03
-5.660189400960119639e-03
5.632924584591354582e-03
5.786639543996594838e-03
-5.415120148938774337e-03
7.134924096648562371e-03
5.832532383917473848e-03
-3.486093046914779357e-03
8.533305601529725046e-03
5.919998820058470015e-03
-1.787163210639535794e-03
8.123930640700334493e-03
6.009067441414653842e-03
1.610782897792939765e-04
7.974531252659802782e-03
5.853888487573158730e-03
1.914547813150987467e-03
8.258641944215697542e-03
5.698934487821719769e-03
3.749285814939264713e-03
8.520454963749262908e-03
5.299148589048347478e-03
5.338657984345385708e-03
1.318755838382582122e-03
5.576938338021860536e-03
5.673401877708373654e-03
2.699785264851612115e-03
5.803676719573268826e-03
5.814574391694675264e-03
4.004796501350198906e-03
5.775835762976693974e-03
5.671266568058221449e-03
5.547458167508165228e-03
5.712157724293071524e-03
5.576617464585287634e-03
7.039409723775350361e-03
5.000000000000000104e-03
-3.333333333333333981e-03
6.731280705374970627e-21
5.000000000000000104e-03
-1.666666666666666990e-03
1.128767378236511501e-21
5.000000000000000104e-03
-6.938162335125991961e-18
7.275827159535731697e-21
5.000000000000000104e-03
1.666666666666652028e-03
9.699078839641167102e-21
5.000000000000000104e-03
3.333333333333324006e-03
6.080870631304075205e-21
-3.333333333333333981e-03
-5.000000000000000104e-03
3.644128374110983719e-21
-1.666666666666666990e-03
-5.000000000000000104e-03
4.248464184197034630e-21
-6.939579084612434033e-18
-5.000000000000000104e-03
3.977059714145435000e-21
1.666666666666652028e-03
-5.000000000000000104e-03
3.228861014448792691e-21
3.333333333333324006e-03
-5.000000000000000104e-03
4.061853373651511014e-21
-3.194384630551275021e-03
-5.053588909962992461e-03
8.980252288677558620e-03
-1.417622382086294571e-03
-5.330129391140644469e-03
8.629325308532394267e-03
4.053744164441443177e-04
-5.323813049135092852e-03
8.370499131254075312e-03
2.184515137267847417e-03
-5.228831817844881852e-03
8.436591280694115749e-03
4.041867008528448116e-03
-5.083724590881520330e-03
8.632121798388224868e-03
-3.333333333333333981e-03
5.000000000000000104e-03
3.762309694604559094e-21
-1.666666666666666990e-03
5.000000000000000104e-03
3.721791325439472792e-21
-6.938322407126944259e-18
5.000000000000000104e-03
5.367077503159726693e-21
1.666666666666652028e-03
5.000000000000000104e-03
5.592693963683922964e-21
3.333333333333324006e-03
5.000000000000000104e-03
5.288390305521855569e-21
-3.138616883942040980e-03
5.358944839010964037e-03
8.844080810348936214e-03
-1.439118864785852384e-03
5.452894869508016600e-03
8.444696086753352565e-03
4.504262832348071089e-04
5.526641453432031177e-03
8.259816349609453920e-03
2.172979296853925352e-03
5.469089213260536729e-03
8.426446982464204372e-03
3.954531894401869252e-03
5.409120350833020521e-03
8.596150127017428144e-03
-5.374081951602167895e-03
-3.862208025366728904e-03
5.354317573629782494e-03
-5.369003070868124533e-03
1.250080778395784445e-03
7.213710240830229804e-03
-5.186378655854901806e-03
1.014132669119402518e-03
1.435527882322026882e-03
-5.507255587284717348e-03
4.032750835669889067e-03
5.159084099258442156e-03
-5.208220708203110255e-03
-2.586736665512564398e-03
1.325378028330810023e-03
-5.243572847415749714e-03
-2.763122379847569865e-03
7.611203814117071913e-03
-5.360504577411216373e-03
3.818391425877531130e-03
2.328528800062690859e-03
-5.503526038308290472e-03
3.972735417743981576e-03
3.752727292783352656e-03
-5.513844958894190129e-03
2.426500559725713099e-03
4.435215076126444722e-03
-5.431762382083925832e-03
2.326826376177938346e-03
5.969051602502206504e-03
-5.432344863884514680e-03
8.225767985629640119e-04
5.118197645485248262e-03
-5.521868775631105439e-03
7.449803471615682772e-04
3.803964567973609507e-03
-5.491518113224267555e-03
-7.930712315849135826e-04
4.473020415385824122e-03
-5.401059066631457885e-03
-8.138538216453697046e-04
5.789613363786926675e-03
-5.460359761121157118e-03
-8.655311672842824593e-04
3.101592041163905855e-03
-5.458077774550443295e-03
-2.389585249184838188e-03
4.023094616462077194e-03
-5.488080820328592596e-03
2.140755104404443686e-03
2.848168615461487210e-03
-5.284625370675983223e-03
-8.314257106122936204e-04
1.644977539577658103e-03
-5.376285014134096416e-03
-7.435423847676641586e-04
7.103648951886855530e-03
-5.166699141921685633e-03
2.930766847585061612e-03
7.444942399068813985e-03
-5.360585703921944348e-03
4.127928159031954598e-03
6.566794331214129837e-03
-5.204204644256962484e-03
2.581111183187672579e-03
1.346373067578848001e-03
-5.272015353004711954e-03
-3.977128482847471988e-03
6.807989151333941440e-03
-5.328857127051724388e-03
-3.912720193614219882e-03
2.224641852816575029e-03
-5.470860663807142199e-03
-2.028731933667795185e-03
5.208503401703667469e-03
-5.452631622368296106e-03
-3.976320490787298156e-03
3.807947939392086149e-03
-5.476856044712765173e-03
-2.400214561084800923e-03
2.653921581647463758e-03
-5.250914951487682669e-03
-2.386828972412830940e-03
6.314171958988433302e-03
-5.442662492757899609e-03
4.650835787251158767e-04
2.581190636548774762e-03
-5.395605475237180704e-03
6.460984415175634018e-04
6.211461474115243311e-03
-5.013627981145840455e-03
4.203568263835427005e-03
7.688610132574772577e-03
-5.116583242633076893e-03
-4.025551432550959936e-03
7.934036778767359840e-03
-5.160736778734779755e-03
3.871311216801747238e-03
1.177537163739311157e-03
-5.172189557356564327e-03
-3.876479917189681358e-03
1.144909021523584291e-03
6.141526113931075961e-03
1.280707651167860804e-03
6.669735952789152683e-03
5.286528648109265448e-03
1.036262731408362078e-03
1.356260971495915806e-03
5.805814950692766985e-03
-4.028106258510356398e-03
4.838930977455024873e-03
5.955526938054235032e-03
4.234022905698015329e-03
4.713652913476628140e-03
5.482781651283466333e-03
-3.913752004189133792e-03
2.292341801653881121e-03
5.960352028584459810e-03
-2.877955286911448342e-03
7.044309597691290892e-03
5.550278046765604913e-03
4.008538577100677000e-03
2.207399569806131612e-03
5.754521404782130846e-03
4.140625192735559491e-03
3.473324509347094739e-03
5.927896680666872899e-03
2.510838987704540164e-03
4.109092045518984368e-03
5.958375133384854506e-03
2.437905582078828473e-03
5.494990092131058802e-03
5.884805325980044070e-03
8.080351041748743725e-04
4.742290834194536932e-03
5.913324397908469379e-03
7.502216580756473864e-04
3.566124015002957153e-03
5.838326460176798162e-03
-8.853318197437153427e-04
4.129581154006684365e-03
5.692010584717339602e-03
-9.256656043919201868e-04
2.912832240181315990e-03
5.970561952435338160e-03
-8.866347936624833581e-04
5.352043555695667337e-03
5.730411559047137934e-03
-2.679979750056496815e-03
3.548789147428623673e-03
5.698762419566221621e-03
2.237918500748811105e-03
2.633466619020295631e-03
6.204548255515445442e-03
-8.301157845253856037e-04
6.518767872169253449e-03
5.894812484739095360e-03
2.962641653349997167e-03
7.075365523908327438e-03
5.317372398586317495e-03
-7.960966771021592151e-04
1.578777412961388351e-03
5.849978876473912147e-03
4.166421136619124881e-03
6.218111209748271827e-03
5.275863025588060744e-03
2.653552325822917252e-03
1.289047225836678547e-03
5.908702708740661697e-03
-4.108819441769744583e-03
6.233779272042990621e-03
5.227148200564300448e-03
-2.528131026530844230e-03
1.288463376135490701e-03
5.846657816698079720e-03
-2.171744163208093065e-03
4.748725845590840051e-03
5.676298992177711278e-03
-4.430515321112694915e-03
3.554266722638068244e-03
5.570276968360186182e-03
-2.214009267750268427e-03
2.343488861495699772e-03
5.935940787676102955e-03
-2.500957147857347726e-03
5.791649392247595791e-03
5.579165260808343317e-03
4.960016755140278901e-04
2.458915453527779887e-03
5.998196022904718830e-03
6.620780740399931840e-04
5.735924078896564512e-03
5.797757352854371327e-03
4.306726480134697929e-03
7.406134144938724198e-03
5.878956431608430705e-03
-4.113434297391450022e-03
7.373321163769069875e-03
5.178922446675014550e-03
-3.942810184881300091e-03
1.130276169219106329e-03
5.215199198018420461e-03
3.936682434261580196e-03
1.140900223962320725e-03
4.139565014540958279e-03
-5.624678933928710552e-03
4.979045756142449521e-03
-3.767419396279167616e-03
-5.420304462944073622e-03
5.264238874185501842e-03
9.996001978875325433e-04
-5.270301669603247655e-03
1.439511363074340430e-03
1.481328267776154620e-03
-5.684700085634419690e-03
7.015973242909528430e-03
-2.659120574451379320e-03
-5.224413170275479280e-03
1.318275297600385353e-03
-2.517797458995816185e-03
-5.441144024305472754e-03
7.533138302405094008e-03
3.882213278662480921e-03
-5.554927323061936879e-03
2.261123361330661004e-03
4.012775801260842941e-03
-5.670446584922367479e-03
3.614862069363971534e-03
2.439341446180126518e-03
-5.607890098610774851e-03
4.320737521729500590e-03
2.476864288193746273e-03
-5.698775234255409883e-03
5.842254995504928342e-03
8.342148971015253415e-04
-5.600564813292242296e-03
4.961705575090431287e-03
7.404905959343314028e-04
-5.663214972616315360e-03
3.659088778208553164e-03
-7.992770894245348730e-04
-5.629172696389820804e-03
4.342084217549811893e-03
-7.411984743352721108e-04
-5.608034558080854555e-03
5.691869333171066699e-03
-8.901773007508963264e-04
-5.627936959651212712e-03
3.069769061630987176e-03
-2.431575961697395385e-03
-5.586082567057669944e-03
3.926811650810374012e-03
-8.927191639037078148e-04
-5.235212776579497261e-03
1.588651375956036437e-03
2.173051550511275517e-03
-5.636657237201412804e-03
2.770246500342800691e-03
-5.983361658640409114e-04
-5.659795319175222293e-03
6.968167674934529210e-03
3.182817937444040041e-03
-5.499643928193286360e-03
7.233100625010761148e-03
4.340440769027915230e-03
-5.612788085727310299e-03
6.363065530927926837e-03
-3.786963259319453459e-03
-5.463522210118293594e-03
6.782622971838918671e-03
2.580589236262890215e-03
-5.297576439460339667e-03
1.338086223878931502e-03
-3.960239923956631637e-03
-5.353155395105554243e-03
2.203736005309838483e-03
-1.961067183842618144e-03
-5.487829847851981822e-03
5.089049379945108365e-03
-4.052790879355657426e-03
-5.488623473303000724e-03
3.676425790293114896e-03
-2.384977050281707114e-03
-5.467218481404258722e-03
2.603417556712562132e-03
-2.243716094978585526e-03
-5.480820373334501297e-03
6.214744991599416638e-03
7.588920372746476130e-04
-5.666459520447794662e-03
6.074766691205450188e-03
4.063916520877632142e-04
-5.543570994784940455e-03
2.533858324229509070e-03
4.502562620744543324e-03
-5.314435194548931818e-03
7.454869003976658665e-03
3.878876298997676730e-03
-5.241658869906353282e-03
1.151887245669962114e-03
-3.791705178149964214e-03
-5.259628040508908427e-03
7.868863056862525351e-03
-3.927166244687106678e-03
-5.180553396490370985e-03
1.145830443494641861e-03
4.286469940832977714e-03
5.874193124987861850e-03
4.752132977509928961e-03
-3.837733905399528210e-03
5.591003270525512353e-03
5.102758965975441770e-03
9.641966975062285115e-04
5.256753744182356657e-03
1.407842780774366462e-03
1.483959047001749687e-03
5.831545376764632124e-03
6.892754598027717693e-03
-2.629307217591842546e-03
5.193869087366184863e-03
1.306716861306470891e-03
-2.587398269813358589e-03
5.592943195476459198e-03
7.386012327925099361e-03
3.918095765499644487e-03
5.523740504677510793e-03
2.180597029575765712e-03
4.069943862232873986e-03
5.765676996625911099e-03
3.500631162770372409e-03
2.524920052377964755e-03
5.801891594437223396e-03
4.179940602561960442e-03
2.524226188684399342e-03
5.784228184347205669e-03
5.620685750496417880e-03
8.990414086831419616e-04
5.746345269812476106e-03
4.863360533346141289e-03
7.807454165841671255e-04
5.754988565468415959e-03
3.630813123673093997e-03
-8.041282269136406377e-04
5.695988037822174999e-03
4.303003163896420430e-03
-7.265729786685281438e-04
5.801918417486362847e-03
5.564167579884217105e-03
-8.711750718776927827e-04
5.634896773067301495e-03
3.008788094905579143e-03
-2.419531327898617051e-03
5.642576456340676026e-03
3.863323415274407847e-03
-8.753216239179087421e-04
5.306099440239867883e-03
1.617618694734621098e-03
2.167756009383538067e-03
5.751394930758759079e-03
2.714814747455324487e-03
-6.085221725835712530e-04
5.907865699439054409e-03
6.789652707624668250e-03
3.161695976635461262e-03
5.652554944157384825e-03
7.163890779212207793e-03
4.295525156110038649e-03
5.696061023173526125e-03
6.231947562512126122e-03
-3.825901624016323898e-03
5.648762117792769342e-03
6.538363002454090044e-03
2.557129492184042219e-03
5.292628256212025296e-03
1.320273723632194376e-03
-3.987780779541299364e-03
5.372742895822431655e-03
2.221859389927439369e-03
-2.021024701750386270e-03
5.679104933814554251e-03
4.983782978337514269e-03
-4.048664147694215794e-03
5.583557923150446987e-03
3.635795976233433761e-03
-2.407413876786969158e-03
5.605654107082439983e-03
2.570365738954068311e-03
-2.252356690494556560e-03
5.680987061079919957e-03
6.067108077393712842e-03
8.222344314335430001e-04
5.747969444731693654e-03
5.926845913970107960e-03
4.592283986616130546e-04
5.575974328098940412e-03
2.493261080701899678e-03
4.475539442085826013e-03
5.589230271955414504e-03
7.467570480530533530e-03
3.887976022960541039e-03
5.226078134702566262e-03
1.123110843124545738e-03
-3.810805333164189821e-03
5.522020941522511744e-03
7.707801289965945588e-03
-3.906866882812780502e-03
5.155518359168165254e-03
1.146467692994014359e-03
7.974299944324952233e-04
3.325542930174358886e-03
-4.916435601235869741e-21
7.743184626049313263e-04
-3.412993661844609949e-03
3.416125861739895560e-21
-3.564488816890653850e-03
8.197116373120311508e-04
-3.544961237905661666e-21
3.508651158939170202e-03
8.237302572628923611e-04
-5.208953531302599967e-21
-3.593839492641371855e-03
-2.435541442341978852e-03
7.373680309715005877e-22
3.486919098564350041e-03
-2.376257747152432046e-03
5.474869485866605630e-21
-2.555051429052995846e-03
3.570246023047226897e-03
8.331291545054151545e-22
-3.564137602939298956e-03
-8.248605230605507779e-04
2.993766012353145284e-21
-2.115811615014894908e-03
-8.581476247581809398e-07
3.784673194672772398e-21
-1.977824882484616187e-03
1.915323355357841919e-03
3.085368417853551042e-21
-6.698729810778259255e-04
8.333333333333265563e-04
-4.243577715775842122e-21
-6.703001412383261318e-04
-8.334763579374588477e-04
1.156935122669253786e-21
7.440023579427445730e-04
-2.383743402234302153e-08
-6.811080313442995872e-22
7.735026918962301101e-04
1.666666666666658967e-03
-3.221760207297851882e-22
7.433370722187294249e-04
-1.636126643173971013e-03
3.933582151392641961e-21
2.258697408793643949e-03
-8.121066207999383044e-04
3.004844053171257657e-21
-7.020792079752927878e-04
-2.461023615748837018e-03
-5.089830515265714433e-22
3.607386135253127894e-03
2.553478405353617944e-03
5.610231475354242381e-22
-9.840862865966963635e-04
3.503508133186387062e-03
3.370957901006766816e-21
-2.126569452310177188e-03
-1.648182236674485988e-03
1.518201803315366756e-22
-2.290819543854103173e-03
-3.458315378145831922e-03
6.877671427854339261e-21
2.505700937551376840e-03
3.636886363801836945e-03
5.663364869512003484e-21
2.489285336832347106e-03
-3.625624575848110116e-03
8.620024719722227768e-21
-3.634098510483442946e-03
2.486790942110593105e-03
4.805304082102037395e-21
1.868832493061173012e-03
7.840056452940802681e-04
7.716962951045479675e-23
3.850853533259434008e-03
-8.062601554712301236e-04
4.115493174649959943e-21
1.950511475802798895e-03
-2.372621849763811939e-03
-8.575208289371202192e-21
2.176917235188929097e-03
2.131718378092240136e-03
1.403686946862662063e-21
-8.046170363154225499e-04
-3.874831510930285081e-03
-4.192196327578836887e-21
-4.789159699185716241e-04
2.220072473776303797e-03
1.466152710704459482e-21
3.779915320718532038e-03
3.779915320718532038e-03
-1.660332491386295752e-21
-3.779915320718538977e-03
-3.779915320718538977e-03
-2.961037688053503958e-21
-3.779915320718539844e-03
3.779915320718538977e-03
-2.108331686993559366e-21
3.779915320718538977e-03
-3.779915320718539844e-03
-1.976962088647672197e-21
-3.605873640036891866e-03
1.068249168509309436e-03
8.207573750183234235e-03
1.379765839593826348e-03
3.955578606633667303e-03
7.853704610437621872e-03
1.325305730986565478e-03
-3.793771184539398121e-03
7.933520771972528765e-03
4.559321473595214988e-03
1.129779480242900161e-03
7.704905498167925054e-03
-3.468026094312372069e-03
-2.441271516304297558e-03
8.548449590864674527e-03
4.375916363169269491e-03
-2.390555685877658858e-03
8.042416925271727440e-03
-2.279954467954478821e-03
3.979527403329805382e-03
8.402274547201708799e-03
-3.609666543478895658e-03
-8.128246279320567973e-04
8.135087340210593251e-03
-1.931231525666138489e-03
1.340251225743310207e-04
8.034749151595818248e-03
-1.763318087495345434e-03
2.317697631066613535e-03
8.061061290234709104e-03
-2.673366569592732400e-04
1.087041756701249366e-03
7.980584801335370224e-03
-2.558319404722570758e-04
-8.056785264527925941e-04
8.016549197159569470e-03
1.342941283172973625e-03
1.526619997562269769e-04
7.879086111425695482e-03
1.378830446197664480e-03
2.086595126593066875e-03
7.774426010432346906e-03
1.388648947396331230e-03
-1.726395440503257061e-03
7.875540911323980139e-03
3.150137121436154437e-03
-7.057502418816234517e-04
7.805672092220421882e-03
-2.709701514791710468e-04
-2.643173583008863806e-03
7.966485864570261449e-03
4.439625752348856820e-03
2.957458563477226732e-03
8.134792214734870575e-03
-6.477945201472343510e-04
4.187756124873485628e-03
7.956839866250255827e-03
-1.921071631524219094e-03
-1.705721063075314606e-03
8.098543603031459551e-03
-2.060281360859150031e-03
-3.777973998919739469e-03
8.399758464234937175e-03
3.147682119574908739e-03
4.147285759195871654e-03
8.193504475117768804e-03
3.232214306080834904e-03
-3.881927475231435661e-03
8.210854880723761351e-03
-3.552564797871602797e-03
2.779396622417841176e-03
8.504454174233988181e-03
2.643612999208291674e-03
1.044081344615811887e-03
7.727175362715489777e-03
4.954619106794574436e-03
-7.778765876922349824e-04
7.703781823493012319e-03
2.696649495308418160e-03
-2.532722508032783648e-03
7.872033078841971648e-03
3.009626147060667084e-03
2.607879704645027670e-03
7.683216180093971510e-03
-4.798823993168955734e-04
-4.273579549659782539e-03
8.124399777648607865e-03
-6.656537076401398360e-05
2.678730441585849310e-03
7.878889919114714924e-03
4.464608529855034098e-03
4.211070686608274494e-03
8.380054113977363633e-03
-3.705267616156051463e-03
-3.831232672277061230e-03
8.858120421442718107e-03
-3.562219241085876238e-03
4.154827660804609642e-03
8.722349399302125120e-03
4.633783777223777350e-03
-3.872154849542253433e-03
8.419260038769589560e-03
-3.865854395135149158e-03
-4.341902049159971147e-03
4.336676089811738154e-03
9.361624315360482821e-05
-5.611840848808211041e-06
4.169972669946063991e-03
-1.877039493865092102e-03
-2.012915034159266231e-03
5.151020051137137137e-03
-2.726878842973202814e-03
-2.695157816067921680e-03
2.332483234285142714e-03
2.088026671505124280e-03
-2.022085412746101908e-03
2.748213167199925564e-03
2.348592333888412619e-03
-2.050820630806921528e-03
5.521473027661311442e-03
1.295936198380383871e-03
2.311045236481369496e-03
2.635235839144892556e-03
-1.605684274809943048e-03
2.424922346071186393e-03
5.458867976668529964e-03
2.055478222576033031e-03
1.871687842937629336e-03
5.610827912761085119e-03
-2.244217800600471074e-03
1.243838832488831708e-03
2.727405175930828519e-03
3.098723354260690503e-03
2.483778702338278535e-04
4.091125477087807771e-03
-3.246753639978878928e-04
-3.020446025377607115e-03
3.614161084451633903e-03
1.012470239977163319e-04
-3.516337361236450713e-04
6.061003371773889155e-03
-4.296463538373741136e-04
-7.597890526642731967e-04
2.354110984790938003e-03
2.819437125944017526e-03
3.718855877181951501e-04
2.021337787968180942e-03
-2.675918063497200339e-03
1.507845615325788431e-04
6.238215733840203961e-03
-3.072463691386673277e-03
2.266794531533871586e-04
4.372620177057199436e-03
1.215195142727755148e-05
-3.118595291676045777e-03
6.197383728316227525e-03
2.861684613128483287e-04
3.244331747134893053e-03
4.205787584221671802e-03
3.121078935197973969e-03
3.076810806986053203e-03
4.184885937142823580e-03
-2.934791182821233375e-03
-3.141954833963284469e-03
6.723772405983968053e-03
-3.303281594207480021e-03
-2.870651237396157959e-03
3.998712941173892046e-03
2.187699134213485737e-04
-3.105855518368786077e-03
1.895583875385875496e-03
3.057371165013793345e-04
3.460015074196013795e-03
6.305115807866700645e-03
3.513884857029549863e-03
-2.304849283740317140e-03
4.148666740065727956e-03
-3.131112536593838504e-03
3.134780251598087621e-03
1.955472458811256982e-03
3.155047538402965673e-03
3.219560315114698874e-03
1.910998619541274960e-03
-3.051025586371367004e-03
3.136005205076232774e-03
4.031790352094052204e-03
3.663923551507140657e-03
-3.698033587417604831e-05
6.107923823721651130e-03
-8.233114740694333052e-04
2.944109212882834933e-03
1.997302734525992392e-03
3.794039340386723067e-03
3.611179529247340349e-03
6.249584378582643401e-03
-3.107842855907459474e-03
3.457997369450942909e-03
6.702201548886214770e-03
3.777127733605906840e-03
-3.438105709919685865e-03
6.529601461493787090e-03
-3.108537983618007115e-03
-5.183942143010966544e-04
1.895472567089379837e-03
1.589125473344465663e-03
-3.588050996938742243e-03
4.449405470797415836e-03
3.236964449552763232e-03
-3.268392889903306599e-03
1.744035441385012640e-03
-1.828044408640906726e-03
-1.306279854923478182e-03
3.587475107418637045e-03
1.402485225494101446e-03
-3.845085598716118389e-05
3.015686900791340018e-03
1.783691819463531654e-04
1.017668662404140872e-03
1.662656402164866066e-03
3.341343124497096967e-04
-1.912160887689269952e-03
4.906717805578060532e-03
-9.655826588283254307e-04
1.352804474747391341e-03
6.598681678870350897e-03
1.298026732275362177e-03
-9.007194000279489373e-04
1.508743581891338389e-03
3.828856578117476907e-03
1.676349582267506935e-03
3.132738904076004961e-03
-1.444660994893542071e-03
1.668202060976372962e-03
4.059137476388042717e-03
-1.464569980732001887e-03
-1.552674491610370015e-03
6.667166186054482996e-03
-8.170272514290092408e-04
-3.798539897751300031e-03
4.900733574284764707e-03
3.994982952491317810e-03
1.649095603651364083e-03
5.042588275408738108e-03
1.636942873254198291e-03
-9.725871463700446287e-05
5.103340687448160509e-03
-2.794515332513073519e-03
-3.730246003278258303e-03
5.311548801946911792e-03
-1.340112617145220635e-03
3.568515382573781108e-04
5.154445722730329263e-03
3.734291218565471970e-03
-8.610759839151621185e-04
3.080675575561945493e-03
1.605174389570797507e-03
3.912169068356790777e-03
5.262621263395522719e-03
1.488397341187891769e-03
1.557595526916693380e-03
3.859563714306399503e-03
-3.607701552358336637e-03
1.553256299018777658e-03
5.451916347127785945e-03
2.793976879783020405e-03
-3.863623384373136242e-03
3.320175659503966925e-03
-3.909240602731454614e-03
-3.800555743145600778e-03
3.046309835771151588e-03
-1.303697772556437588e-03
3.761089190113841782e-03
3.378157507209732669e-03
-3.581243835684304322e-03
-1.570054605415521732e-03
5.821350504148076026e-03
1.926927912767156066e-03
-2.978651823637889790e-03
6.610508381208610867e-03
1.203332341253437500e-03
1.047175757023974339e-03
6.665934872820684746e-03
1.773429005167805397e-03
-8.911425866803805327e-04
6.716170009510318353e-03
3.435520745992239403e-03
-1.322041502859330709e-03
1.543132345059577493e-03
3.514927738123434925e-03
-3.826323365887009890e-03
5.135863510061351722e-03
1.675798792246355152e-03
-1.448485439230476650e-03
3.975872556071391277e-03
2.546176804859528022e-04
1.612331850925457534e-03
4.967649679428349715e-03
-2.912928533360597400e-03
3.952779736940763636e-03
5.368582482131885845e-03
-3.750667688771921505e-03
-1.099774543509878574e-03
3.475986300349897650e-03
-2.373915822004776246e-04
1.192516199147341648e-03
3.032352416495653815e-03
