282 296 116 300
181 290 278 291
277 116 296 300
187 181 278 291
172 278 204 298
116 126 129 296
281 285 212 310
152 232 275 294
231 228 286 310
199 278 181 328
116 129 277 296
277 296 282 300
214 281 212 310
206 70 281 297
212 285 281 305
151 283 275 293
164 306 289 330
172 204 278 301
220 285 275 294
96 281 79 338
220 223 275 285
150 275 283 294
206 281 70 305
220 275 232 294
151 150 275 283
172 278 199 301
187 291 278 298
220 215 223 285
231 286 278 310
79 288 281 299
129 116 277 300
128 322 307 326
279 290 183 295
245 316 292 329
245 287 316 329
266 289 154 292
145 306 164 330
183 290 279 337
152 232 224 275
275 285 223 305
238 287 69 303
231 278 286 298
109 291 298 314
204 217 278 310
262 280 265 300
279 303 295 337
147 165 294 326
279 295 183 337
204 217 231 278
177 109 291 298
197 183 295 337
278 290 181 328
172 187 199 278
70 281 96 305
295 303 197 337
150 152 275 294
215 223 285 305
232 220 224 275
96 70 84 281
165 283 147 294
265 300 280 302
263 300 119 304
281 288 79 338
79 281 84 299
187 177 291 298
101 169 235 275
204 278 231 298
147 294 283 326
280 295 265 302
84 79 96 281
280 300 262 331
114 116 282 296
150 162 151 275
214 213 281 310
86 245 292 329
116 282 300 318
199 301 278 328
265 295 280 331
181 199 187 278
187 178 181 291
129 300 277 304
262 265 280 331
206 281 213 297
247 303 295 312
182 328 290 337
69 303 287 325
172 187 278 298
204 278 301 310
183 295 290 323
265 251 295 331
258 266 154 292
230 294 307 313
84 281 70 297
277 296 129 334
96 305 281 338
277 330 306 334
128 117 322 326
212 214 213 281
213 281 206 305
213 301 281 310
162 150 152 275
145 306 330 334
116 112 282 318
92 329 293 338
235 208 72 275
86 287 245 329
188 197 295 303
188 295 256 303
283 293 151 317
72 101 235 275
169 140 235 275
256 295 247 303
217 231 278 310
80 329 92 338
239 295 173 302
239 265 295 302
170 291 105 302
151 293 275 327
289 306 277 330
230 294 205 307
105 302 291 318
170 291 302 323
275 285 283 294
140 152 224 275
91 159 169 327
213 212 281 305
177 176 108 298
72 275 208 305
116 112 114 282
267 247 295 312
300 302 102 318
265 241 300 302
101 169 275 327
181 178 290 291
126 129 296 334
215 285 212 305
163 289 317 320
103 298 286 314
230 205 226 307
217 228 231 310
307 322 276 326
249 252 316 332
276 307 294 313
163 292 289 320
101 91 169 327
245 257 242 292
205 138 226 307
283 285 275 308
273 283 285 335
205 294 138 307
283 294 276 326
170 302 179 323
241 102 300 302
245 257 292 316
277 129 304 334
289 316 252 332
188 197 183 295
262 265 241 300
105 122 190 302
164 289 306 317
207 286 103 298
253 300 304 332
80 288 329 338
239 173 259 302
213 206 212 305
277 300 282 319
173 302 295 323
119 300 129 304
256 267 247 295
172 204 225 298
273 285 283 308
290 328 279 337
272 293 68 320
224 235 140 275
141 258 154 292
151 293 272 320
239 265 251 295
188 256 175 303
164 306 146 317
102 255 120 302
149 163 289 317
278 298 291 314
221 103 123 298
84 281 297 299
277 330 304 332
276 285 283 335
114 126 116 296
277 304 300 332
206 227 70 297
128 307 322 333
296 326 127 334
177 108 109 298
173 189 259 302
285 294 218 313
249 316 284 332
195 74 193 297
283 306 147 326
163 154 289 292
192 172 225 298
89 70 227 297
153 294 165 326
238 69 261 303
273 285 309 335
79 76 288 299
295 303 279 312
69 87 261 303
153 307 294 326
105 111 302 318
224 208 235 275
175 256 244 303
294 307 276 326
86 292 73 329
170 105 190 302
231 286 207 298
245 86 238 287
158 226 138 307
92 320 293 329
284 316 289 332
138 294 153 307
249 252 254 316
279 303 287 312
162 151 275 327
218 215 285 313
148 283 151 317
252 289 254 316
117 296 322 326
195 75 74 297
213 297 281 301
276 309 285 335
80 288 81 329
151 317 293 320
75 297 195 299
81 288 325 329
241 255 102 302
81 288 78 325
215 212 223 305
279 328 299 337
221 207 103 298
151 148 150 283
103 118 298 314
230 313 307 333
81 80 78 288
283 285 276 294
109 298 118 314
287 303 279 325
127 326 143 334
150 283 165 294
208 275 223 305
103 286 130 314
280 302 300 318
111 102 302 318
177 178 187 291
76 79 84 299
147 153 165 326
249 312 284 316
104 296 127 334
253 243 264 304
206 213 227 297
182 180 183 290
247 238 261 303
94 275 72 305
140 162 152 275
238 246 287 312
289 274 317 320
187 176 177 298
109 108 118 298
149 163 154 289
239 259 265 302
183 290 180 323
84 297 75 299
289 292 274 320
286 310 228 313
208 223 211 305
107 119 129 304
238 86 69 287
75 84 74 297
195 297 196 299
165 150 147 283
68 272 93 293
283 275 293 308
129 119 116 300
113 282 112 318
279 290 315 328
220 223 224 275
230 218 294 313
249 284 248 331
222 186 174 301
248 284 249 312
68 320 92 329
216 285 215 313
276 306 283 326
113 314 282 318
68 293 92 320
170 190 179 302
105 111 122 302
204 231 225 298
215 285 216 310
85 94 72 305
145 330 304 334
288 299 76 325
116 300 131 318
136 127 143 334
245 287 246 316
272 293 151 327
275 285 305 308
147 283 148 317
188 175 197 303
295 302 280 323
196 299 297 328
265 255 241 302
69 77 303 325
290 291 178 323
95 292 90 320
276 322 307 333
274 293 283 317
290 295 279 336
147 306 283 317
146 147 148 317
78 79 76 288
163 141 154 292
172 186 204 301
181 178 180 290
121 286 103 333
279 315 299 328
216 310 285 313
116 131 112 318
252 330 289 332
231 228 207 286
274 308 293 338
246 312 249 316
130 322 286 333
285 281 305 308
221 231 207 298
210 297 213 301
296 276 322 326
145 146 164 306
90 292 157 320
274 283 293 308
180 290 178 323
69 77 87 303
68 90 157 320
207 103 286 333
138 153 158 307
256 247 244 303
78 288 76 325
146 306 147 317
249 250 284 331
186 222 204 301
173 179 302 323
155 304 145 330
195 193 196 297
284 289 277 332
120 111 102 302
173 179 189 302
104 127 136 334
68 92 95 329
105 170 177 291
89 84 70 297
69 287 97 325
131 300 102 318
139 289 240 330
307 313 276 333
238 247 246 312
178 291 170 323
177 109 105 291
291 302 280 318
284 312 248 331
199 181 184 328
76 325 299 337
282 277 319 335
172 192 187 298
103 118 123 298
277 289 284 311
76 71 325 337
274 273 308 321
165 153 138 294
145 164 139 330
68 95 90 320
276 283 306 335
249 248 250 331
118 103 130 314
68 95 320 329
110 113 112 318
273 308 283 311
282 296 277 335
210 213 222 301
278 291 290 324
274 288 308 338
277 306 289 311
280 302 291 323
292 320 95 329
207 229 121 333
284 289 274 311
284 274 289 316
110 314 113 318
77 88 303 337
274 308 273 311
290 323 295 336
278 286 298 314
179 178 170 323
223 208 224 275
198 295 183 323
249 284 250 332
114 112 113 282
94 275 305 338
155 145 139 330
288 321 287 329
288 308 273 321
172 199 186 301
205 232 138 294
274 292 289 316
127 296 117 326
127 117 106 326
281 315 308 339
295 331 312 336
92 293 83 338
273 308 315 339
199 184 301 328
80 92 83 338
287 325 288 329
273 311 283 335
164 289 139 330
114 282 113 322
150 148 147 283
76 299 71 337
273 308 288 315
274 321 288 329
289 311 306 317
246 287 312 316
71 77 325 337
300 318 282 319
305 308 281 338
137 68 157 320
114 296 282 322
281 308 285 339
245 246 257 316
273 315 288 321
152 138 232 294
245 238 246 287
97 69 86 287
110 291 109 314
119 263 102 300
207 121 103 333
290 328 278 339
288 281 308 338
276 294 285 313
77 71 88 337
267 312 295 331
94 305 82 338
195 196 185 299
137 272 68 320
286 309 278 310
130 286 121 333
97 287 86 329
127 106 143 326
230 218 205 294
106 307 142 326
260 155 139 330
288 308 281 315
168 99 269 292
196 297 301 328
303 325 77 337
105 291 110 318
185 299 196 328
254 240 266 289
81 78 97 325
131 102 111 318
246 248 249 312
269 73 242 292
162 140 159 327
188 239 256 295
297 299 281 328
117 127 104 296
274 283 308 311
254 289 252 330
173 239 188 295
273 285 308 339
211 206 85 305
282 280 318 324
274 287 321 329
304 330 277 334
149 289 164 317
130 314 286 322
281 285 310 339
81 97 86 329
143 106 142 326
75 171 71 299
168 157 90 292
289 330 277 332
216 228 310 313
267 295 251 331
90 99 168 292
262 331 300 332
274 311 273 321
160 317 151 320
130 103 121 286
195 171 75 299
171 191 88 337
250 284 331 332
269 141 168 292
269 99 73 292
150 165 152 294
280 323 324 336
151 272 137 320
92 80 81 329
301 278 328 339
281 299 288 315
309 310 286 313
260 304 155 330
258 292 257 316
274 308 288 321
290 324 323 336
280 323 291 324
14 245 242 73
208 24 72 211
284 274 316 321
157 68 11 90
258 257 254 316
263 241 102 300
278 309 286 314
280 282 319 324
171 71 299 337
260 139 240 330
280 331 295 336
215 216 214 310
297 281 301 328
191 303 88 337
286 314 309 322
222 60 186 204
172 186 60 204
309 314 282 322
282 314 113 322
188 256 239 65
65 239 188 173
96 82 305 338
287 316 274 321
182 181 290 328
291 318 280 324
196 301 184 328
162 275 140 327
293 317 274 320
274 293 320 329
254 240 289 330
76 71 77 325
94 85 82 305
39 108 177 176
206 70 85 305
312 331 284 336
291 314 110 318
141 269 258 292
274 284 311 321
272 93 293 327
300 331 319 332
108 176 201 298
113 314 130 322
88 171 21 191
273 311 284 321
171 88 71 337
78 80 79 288
108 201 135 298
128 322 115 333
211 25 85 206
186 199 184 301
198 183 180 323
55 266 240 139
284 312 287 316
86 238 15 245
291 323 290 324
73 292 95 329
279 295 312 336
190 41 122 105
196 186 184 301
182 181 180 290
278 309 314 324
149 164 146 317
72 275 94 327
139 164 154 289
50 205 232 138
96 79 82 338
86 73 95 329
288 315 299 325
173 295 198 323
245 14 86 73
284 316 287 321
79 288 80 338
85 72 24 211
100 203 193 297
273 321 284 336
280 319 300 331
284 331 319 336
135 234 221 298
201 234 135 298
105 110 111 318
193 74 100 297
273 309 285 339
72 94 91 327
31 104 156 124
84 75 76 299
105 109 110 291
282 314 309 324
234 201 192 298
68 157 11 137
284 311 273 319
273 284 319 336
119 263 35 102
234 192 225 298
266 55 154 139
288 321 315 325
281 310 301 339
282 318 291 324
236 203 100 297
92 68 83 293
124 304 129 334
236 100 89 297
276 285 309 313
280 282 318 319
156 124 104 334
259 200 268 302
221 123 135 298
160 148 151 317
154 164 149 289
282 273 324 335
177 170 178 291
277 311 284 319
299 315 279 325
77 69 97 325
273 282 319 335
275 308 305 338
279 315 321 325
233 204 222 301
267 248 312 331
219 286 228 313
227 236 89 297
255 268 132 302
50 232 152 138
123 103 221 46
189 200 259 302
36 120 102 255
203 236 174 297
282 273 319 324
98 270 87 303
156 304 124 334
258 242 257 292
200 190 132 302
275 94 327 338
306 326 276 335
255 132 120 302
108 177 109 39
191 202 98 303
190 122 132 302
281 301 328 339
282 314 291 318
83 293 327 338
261 87 270 303
268 200 132 302
278 314 291 324
10 161 93 68
71 171 21 88
207 286 219 333
88 191 98 303
309 324 273 335
126 296 104 334
280 318 300 319
210 174 236 297
282 324 309 335
10 161 68 137
190 41 105 170
280 319 331 336
239 251 267 295
70 85 25 206
254 252 240 330
284 277 319 332
202 270 98 303
183 198 188 295
283 311 274 317
110 109 118 314
74 193 19 195
69 238 15 86
290 315 328 339
207 219 229 333
262 300 253 332
286 276 313 333
276 309 286 313
218 216 215 313
276 286 309 322
102 263 35 241
222 213 233 301
284 321 312 336
115 128 117 322
228 219 207 286
163 149 160 317
276 286 322 333
182 184 181 328
31 104 136 156
160 163 317 320
242 258 269 292
85 96 82 305
281 328 315 339
26 89 70 227
69 16 261 87
136 156 104 334
287 312 284 321
287 274 316 329
134 125 237 307
171 20 75 71
219 313 230 333
185 171 299 337
70 96 85 305
290 278 324 339
104 126 117 296
262 251 265 331
177 170 105 40
195 20 75 171
117 296 114 322
126 104 129 334
90 73 99 292
157 168 141 292
105 177 40 109
107 34 119 263
166 155 271 304
155 260 271 304
267 251 248 331
226 205 51 138
290 324 315 339
157 292 163 320
232 205 220 294
142 134 167 307
128 115 121 333
185 171 195 299
240 260 56 139
275 327 293 338
183 197 194 337
133 124 166 304
295 323 280 336
156 166 124 304
125 307 128 333
273 324 315 336
173 198 179 323
103 207 221 46
285 310 309 313
271 107 133 304
300 319 277 332
115 113 130 322
273 315 324 339
83 327 94 338
241 36 102 255
319 331 284 332
227 70 26 206
287 321 288 325
51 158 226 138
260 56 139 155
279 312 287 321
142 307 153 326
274 311 289 317
205 218 220 294
175 64 244 256
64 175 188 256
227 213 210 297
296 276 326 335
83 68 93 293
261 238 16 69
315 324 290 336
75 71 76 299
34 107 243 263
222 186 59 174
192 176 187 298
108 123 118 298
161 272 151 327
296 326 306 335
204 61 172 225
275 293 308 338
210 222 59 174
74 84 89 297
280 324 319 336
239 259 173 66
244 247 261 303
167 237 158 307
158 237 226 307
282 291 314 324
104 124 129 334
279 299 325 337
281 299 315 328
61 192 172 225
119 131 116 300
77 88 87 303
189 173 259 66
277 296 306 335
309 322 282 335
209 230 307 333
287 279 321 325
114 113 115 322
144 147 306 326
166 271 133 304
145 304 156 334
262 241 253 300
75 74 19 195
260 264 304 330
145 144 146 306
122 111 120 302
190 189 179 302
117 114 115 322
155 156 145 304
143 136 30 127
279 325 303 337
283 311 306 335
144 306 145 334
219 286 313 333
217 216 228 310
209 237 125 307
136 104 30 127
292 316 274 329
279 312 321 336
134 237 167 307
153 142 158 307
141 163 157 292
95 73 90 292
306 311 283 317
138 152 165 294
276 322 309 335
249 250 252 332
263 253 241 300
106 134 142 307
256 239 267 295
277 306 311 335
107 271 243 304
212 211 223 305
173 188 198 295
234 225 221 298
279 315 290 336
278 301 310 339
144 326 306 334
176 192 201 298
135 123 108 298
193 203 174 297
250 331 262 332
259 255 265 302
102 131 119 300
259 268 255 302
278 310 309 339
221 225 231 298
211 212 206 305
210 236 227 297
100 74 89 297
79 80 82 338
296 277 306 334
309 310 285 339
117 126 114 296
185 194 171 337
197 303 191 337
311 319 277 335
274 320 292 329
282 322 296 335
209 307 125 333
246 249 257 316
174 196 193 297
296 322 276 335
261 270 244 303
137 160 151 320
132 122 120 302
200 189 190 302
88 98 87 303
197 175 191 303
248 246 247 312
191 175 202 303
264 243 260 304
149 146 148 317
125 106 128 307
146 144 147 306
306 326 296 334
125 121 44 333
201 108 38 176
319 324 273 336
129 124 107 304
108 201 38 135
44 121 229 333
260 240 264 330
44 209 125 333
209 230 226 307
264 330 252 332
180 178 179 323
43 134 125 237
257 249 254 316
216 219 228 313
73 242 13 269
44 229 209 333
214 217 233 310
157 163 137 320
200 42 132 190
273 319 311 335
190 42 132 122
267 248 247 312
142 28 167 134
144 153 147 326
268 259 67 200
217 214 216 310
63 270 202 175
13 73 269 99
157 12 168 90
155 166 156 304
113 118 130 314
27 89 236 100
237 167 158 52
192 234 62 201
158 226 237 52
12 168 90 99
202 22 191 98
133 124 32 166
259 189 67 200
124 156 32 166
22 88 191 98
234 192 62 225
72 235 23 208
135 221 234 47
37 255 268 132
244 270 63 175
133 107 124 304
143 142 153 326
255 37 120 132
273 324 309 339
113 110 118 314
27 89 227 236
91 8 169 159
158 142 167 307
95 81 86 329
135 221 47 123
278 309 324 339
219 218 230 313
83 293 93 327
112 111 110 318
18 100 193 74
209 219 230 333
250 262 253 332
273 315 321 336
77 78 76 325
43 125 209 237
236 58 203 174
91 9 159 327
23 101 235 72
169 101 8 91
83 94 82 338
271 33 133 107
251 250 248 331
125 128 121 333
236 210 58 174
100 203 18 193
260 243 271 304
279 321 315 336
28 142 106 134
106 125 134 307
269 53 141 258
184 182 185 328
269 53 168 141
240 252 264 330
136 145 156 334
209 226 237 307
93 272 161 327
185 196 184 328
83 82 80 338
48 235 140 224
136 144 145 334
271 33 107 243
253 264 252 332
169 48 235 140
148 160 149 317
24 25 85 211
15 14 86 245
162 161 151 327
197 191 171 337
176 39 108 38
173 65 239 66
186 60 222 59
256 188 64 65
172 60 61 204
111 112 131 318
55 240 56 139
161 159 9 327
50 51 205 138
120 36 37 255
193 19 18 74
160 137 163 320
229 219 209 333
159 161 162 327
261 16 17 87
151 161 137 272
132 268 6 200
5 167 134 237
4 133 166 271
98 202 2 270
0 269 168 99
135 201 7 234
236 203 3 100
169 1 101 235
91 93 9 327
251 262 250 331
68 11 10 137
29 28 142 106
219 216 218 313
144 143 153 326
123 221 47 46
9 8 91 159
42 190 41 122
92 81 95 329
157 11 12 90
26 27 89 227
260 56 155 57
78 77 97 325
21 22 88 191
32 31 156 124
13 14 242 73
198 180 179 323
21 20 171 71
41 105 170 40
238 15 16 69
244 63 64 175
177 40 109 39
25 26 70 206
83 93 94 327
259 189 66 67
226 158 51 52
54 141 53 258
72 23 24 208
104 30 31 136
35 36 102 241
34 119 263 35
44 45 229 121
91 94 93 327
49 232 152 50
154 55 266 54
197 171 194 337
46 103 207 45
210 59 58 174
209 44 125 43
49 48 140 224
250 253 252 332
161 9 93 327
192 61 62 225
107 33 34 243
42 132 6 200
268 67 6 200
268 6 37 132
236 3 27 100
4 166 57 271
32 4 133 166
2 17 98 270
168 12 0 99
234 7 135 47
270 202 2 63
234 201 7 62
38 201 7 135
237 5 167 52
202 2 22 98
0 13 269 99
203 18 3 100
3 58 203 236
1 23 101 235
101 8 1 169
75 19 20 195
143 30 29 127
43 5 134 237
167 28 5 134
133 4 33 271
161 9 10 93
0 269 53 168
1 169 48 235
161 93 68 272
161 68 137 272
212 310 215 214
215 310 212 285
337 182 183 290
337 183 182 194
312 238 303 287
312 303 238 247
337 299 182 328
185 182 299 328
310 204 233 301
310 233 204 217
245 73 292 242
292 73 245 86
304 263 253 243
304 253 263 300
220 285 218 215
218 285 220 294
289 316 266 254
289 266 316 292
258 266 316 254
258 316 266 292
327 101 72 275
327 72 101 91
310 213 233 214
310 233 213 301
211 72 305 85
211 305 72 208
326 128 106 307
326 106 128 117
332 264 304 253
332 304 264 330
263 107 304 119
263 304 107 243
301 174 196 186
301 196 174 297
338 274 329 293
338 329 274 288
301 210 174 222
301 174 210 297
154 258 54 266
54 258 154 141
329 97 325 81
329 325 97 287
266 139 289 240
289 139 266 154
224 152 49 232
224 49 152 140
327 140 169 275
327 169 140 159
337 185 182 299
337 182 185 194
121 207 45 229
121 45 207 103
143 106 29 142
29 106 143 127
333 115 130 322
333 130 115 121
143 334 144 136
144 334 143 326
87 270 17 261
87 17 270 98
271 155 57 260
271 57 155 166
175 270 303 244
175 303 270 202
