-0.005000 -0.005000 0.010000
-0.005000 -0.005000 0.000000
-0.005000 0.005000 0.010000
-0.005000 0.005000 0.000000
0.005000 -0.005000 0.010000
0.005000 -0.005000 0.000000
0.005000 0.005000 0.010000
0.005000 0.005000 0.000000
-0.005000 -0.005000 0.001667
-0.005000 -0.005000 0.003333
-0.005000 -0.005000 0.005000
-0.005000 -0.005000 0.006667
-0.005000 -0.005000 0.008333
-0.005000 -0.003333 0.010000
-0.005000 -0.001667 0.010000
-0.005000 -0.000000 0.010000
-0.005000 0.001667 0.010000
-0.005000 0.003333 0.010000
-0.005000 0.005000 0.001667
-0.005000 0.005000 0.003333
-0.005000 0.005000 0.005000
-0.005000 0.005000 0.006667
-0.005000 0.005000 0.008333
-0.005000 -0.003333 0.000000
-0.005000 -0.001667 0.000000
-0.005000 -0.000000 0.000000
-0.005000 0.001667 0.000000
-0.005000 0.003333 0.000000
0.005000 -0.005000 0.001667
0.005000 -0.005000 0.003333
0.005000 -0.005000 0.005000
0.005000 -0.005000 0.006667
0.005000 -0.005000 0.008333
0.005000 -0.003333 0.010000
0.005000 -0.001667 0.010000
0.005000 -0.000000 0.010000
0.005000 0.001667 0.010000
0.005000 0.003333 0.010000
0.005000 0.005000 0.001667
0.005000 0.005000 0.003333
0.005000 0.005000 0.005000
0.005000 0.005000 0.006667
0.005000 0.005000 0.008333
0.005000 -0.003333 0.000000
0.005000 -0.001667 0.000000
0.005000 -0.000000 0.000000
0.005000 0.001667 0.000000
0.005000 0.003333 0.000000
-0.003333 -0.005000 0.000000
-0.001667 -0.005000 0.000000
-0.000000 -0.005000 0.000000
0.001667 -0.005000 0.000000
0.003333 -0.005000 0.000000
-0.003333 -0.005000 0.010000
-0.001667 -0.005000 0.010000
-0.000000 -0.005000 0.010000
0.001667 -0.005000 0.010000
0.003333 -0.005000 0.010000
-0.003333 0.005000 0.000000
-0.001667 0.005000 0.000000
-0.000000 0.005000 0.000000
0.001667 0.005000 0.000000
0.003333 0.005000 0.000000
-0.003333 0.005000 0.010000
-0.001667 0.005000 0.010000
-0.000000 0.005000 0.010000
0.001667 0.005000 0.010000
0.003333 0.005000 0.010000
-0.005000 -0.003492 0.005815
-0.005000 0.000991 0.008498
-0.005000 0.000978 0.001494
-0.005000 0.003564 0.005820
-0.005000 -0.002541 0.001356
-0.005000 -0.002523 0.008612
-0.005000 0.003589 0.002507
-0.005000 0.003563 0.004166
-0.005000 0.002116 0.004998
-0.005000 0.001993 0.006905
-0.005000 0.000670 0.005833
-0.005000 0.000642 0.004215
-0.005000 -0.000749 0.005008
-0.005000 -0.000774 0.006667
-0.005000 -0.000785 0.003399
-0.005000 -0.002164 0.004404
-0.005000 0.001973 0.003081
-0.005000 -0.000796 0.001688
-0.005000 -0.000789 0.008317
-0.005000 0.002522 0.008573
-0.005000 0.003632 0.007486
-0.005000 0.002515 0.001387
-0.005000 -0.003631 0.007529
-0.005000 -0.003687 0.002418
-0.005000 -0.001846 0.005825
-0.005000 -0.003648 0.004060
-0.005000 -0.002167 0.002832
-0.005000 -0.002176 0.007127
-0.005000 0.000402 0.002775
-0.005000 0.000502 0.007210
-0.005000 0.003780 0.008780
-0.005000 -0.003780 0.008780
-0.005000 0.003780 0.001220
-0.005000 -0.003788 0.001212
0.005000 0.000991 0.008498
0.005000 0.000978 0.001494
0.005000 -0.003492 0.005815
0.005000 0.003564 0.005820
0.005000 -0.003487 0.002624
0.005000 -0.002523 0.008612
0.005000 0.003589 0.002507
0.005000 0.003563 0.004166
0.005000 0.002116 0.004998
0.005000 0.001993 0.006905
0.005000 0.000670 0.005833
0.005000 0.000642 0.004215
0.005000 -0.000749 0.005008
0.005000 -0.000787 0.003398
0.005000 -0.000774 0.006667
0.005000 -0.002278 0.004199
0.005000 0.001973 0.003081
0.005000 -0.000789 0.008317
0.005000 0.002522 0.008573
0.005000 -0.000779 0.001692
0.005000 0.003632 0.007486
0.005000 0.002515 0.001387
0.005000 -0.003631 0.007529
0.005000 -0.002444 0.001393
0.005000 -0.001869 0.005784
0.005000 -0.003851 0.004194
0.005000 -0.001955 0.002661
0.005000 -0.002179 0.007121
0.005000 0.000405 0.002776
0.005000 0.000502 0.007210
0.005000 0.003780 0.008780
0.005000 -0.003780 0.008780
0.005000 -0.003780 0.001220
0.005000 0.003780 0.001220
0.003564 -0.005000 0.005820
-0.003492 -0.005000 0.005815
0.000978 -0.005000 0.001494
0.000991 -0.005000 0.008498
-0.002541 -0.005000 0.001356
-0.002523 -0.005000 0.008612
0.003589 -0.005000 0.002507
0.003563 -0.005000 0.004166
0.002116 -0.005000 0.004998
0.001993 -0.005000 0.006905
0.000670 -0.005000 0.005833
0.000642 -0.005000 0.004215
-0.000749 -0.005000 0.005008
-0.000774 -0.005000 0.006667
-0.000785 -0.005000 0.003399
-0.002164 -0.005000 0.004404
-0.000796 -0.005000 0.001688
0.001973 -0.005000 0.003081
-0.000789 -0.005000 0.008317
0.002522 -0.005000 0.008573
0.003632 -0.005000 0.007486
-0.003631 -0.005000 0.007529
0.002515 -0.005000 0.001387
-0.003687 -0.005000 0.002418
-0.001846 -0.005000 0.005825
-0.003648 -0.005000 0.004060
-0.002167 -0.005000 0.002832
-0.002176 -0.005000 0.007127
0.000502 -0.005000 0.007210
0.000402 -0.005000 0.002775
0.003780 -0.005000 0.008780
0.003780 -0.005000 0.001220
-0.003780 -0.005000 0.008780
-0.003788 -0.005000 0.001212
0.003564 0.005000 0.005820
-0.003492 0.005000 0.005815
0.000978 0.005000 0.001494
0.000991 0.005000 0.008498
-0.002541 0.005000 0.001356
-0.002523 0.005000 0.008612
0.003589 0.005000 0.002507
0.003563 0.005000 0.004166
0.002116 0.005000 0.004998
0.001993 0.005000 0.006905
0.000670 0.005000 0.005833
0.000642 0.005000 0.004215
-0.000749 0.005000 0.005008
-0.000774 0.005000 0.006667
-0.000785 0.005000 0.003399
-0.002164 0.005000 0.004404
-0.000796 0.005000 0.001688
0.001973 0.005000 0.003081
-0.000789 0.005000 0.008317
0.002522 0.005000 0.008573
0.003632 0.005000 0.007486
-0.003631 0.005000 0.007529
0.002515 0.005000 0.001387
-0.003687 0.005000 0.002418
-0.001846 0.005000 0.005825
-0.003648 0.005000 0.004060
-0.002167 0.005000 0.002832
-0.002176 0.005000 0.007127
0.000502 0.005000 0.007210
0.000402 0.005000 0.002775
0.003780 0.005000 0.008780
0.003780 0.005000 0.001220
-0.003780 0.005000 0.008780
-0.003788 0.005000 0.001212
0.000797 0.003326 0.000000
0.000774 -0.003413 0.000000
-0.003564 0.000820 0.000000
0.003509 0.000824 0.000000
-0.003594 -0.002436 0.000000
0.003487 -0.002376 0.000000
-0.002555 0.003570 0.000000
-0.003564 -0.000825 0.000000
-0.002116 -0.000001 0.000000
-0.001978 0.001915 0.000000
-0.000670 0.000833 0.000000
-0.000670 -0.000833 0.000000
0.000744 -0.000000 0.000000
0.000774 0.001667 0.000000
0.000743 -0.001636 0.000000
0.002259 -0.000812 0.000000
-0.000702 -0.002461 0.000000
0.003607 0.002553 0.000000
-0.000984 0.003504 0.000000
-0.002127 -0.001648 0.000000
-0.002291 -0.003458 0.000000
0.002506 0.003637 0.000000
0.002489 -0.003626 0.000000
-0.003634 0.002487 0.000000
0.001869 0.000784 0.000000
0.003851 -0.000806 0.000000
0.001951 -0.002373 0.000000
0.002177 0.002132 0.000000
-0.000805 -0.003875 0.000000
-0.000479 0.002220 0.000000
0.003780 0.003780 0.000000
-0.003780 -0.003780 0.000000
-0.003780 0.003780 0.000000
0.003780 -0.003780 0.000000
-0.003564 0.000820 0.010000
0.000797 0.003326 0.010000
0.000774 -0.003413 0.010000
0.003509 0.000824 0.010000
-0.003594 -0.002436 0.010000
0.003487 -0.002376 0.010000
-0.002555 0.003570 0.010000
-0.003564 -0.000825 0.010000
-0.002116 -0.000001 0.010000
-0.001978 0.001915 0.010000
-0.000670 0.000833 0.010000
-0.000670 -0.000833 0.010000
0.000744 -0.000000 0.010000
0.000774 0.001667 0.010000
0.000743 -0.001636 0.010000
0.002259 -0.000812 0.010000
-0.000702 -0.002461 0.010000
0.003607 0.002553 0.010000
-0.000984 0.003504 0.010000
-0.002127 -0.001648 0.010000
-0.002291 -0.003458 0.010000
0.002506 0.003637 0.010000
0.002489 -0.003626 0.010000
-0.003634 0.002487 0.010000
0.001869 0.000784 0.010000
0.003851 -0.000806 0.010000
0.001951 -0.002373 0.010000
0.002177 0.002132 0.010000
-0.000805 -0.003875 0.010000
-0.000479 0.002220 0.010000
0.003780 0.003780 0.010000
-0.003780 -0.003780 0.010000
-0.003780 0.003780 0.010000
0.003780 -0.003780 0.010000
-0.003505 -0.003900 0.004839
-0.000001 0.000000 0.005000
-0.001768 -0.001768 0.006107
-0.002507 -0.002507 0.002511
0.001849 -0.001813 0.003139
0.001843 -0.001815 0.006863
0.001169 0.002037 0.003022
-0.001577 0.002065 0.006586
0.001589 0.001557 0.007073
-0.002024 0.001175 0.002992
0.002584 0.000187 0.005032
-0.000322 -0.002625 0.004194
-0.000163 -0.000367 0.007531
-0.000359 -0.000698 0.002526
0.002644 0.000287 0.002237
-0.002599 0.000042 0.007569
-0.002765 0.000170 0.005061
-0.000216 -0.002757 0.007637
0.000160 0.002773 0.005078
0.002586 0.002617 0.005124
-0.002849 -0.002849 0.007837
-0.002946 -0.002523 0.004555
0.000254 -0.002911 0.002084
0.000016 0.002923 0.007922
0.002968 -0.001957 0.005002
-0.002942 0.002966 0.002073
0.002939 0.002939 0.002066
-0.002742 0.002718 0.004634
0.002920 -0.000092 0.007824
-0.000732 0.002765 0.002137
0.002981 0.002981 0.007931
-0.002976 0.002982 0.007960
0.003056 -0.003048 0.008041
-0.002918 -0.000482 0.001999
0.001301 -0.003104 0.005357
0.003056 -0.003048 0.001943
-0.001626 -0.001112 0.004023
0.001188 -0.000025 0.003474
0.000215 0.000967 0.001719
0.000152 -0.001673 0.005947
-0.001156 0.001120 0.008183
0.001283 -0.000855 0.001623
0.003221 0.001454 0.003691
-0.001307 0.001417 0.004778
-0.001589 -0.001457 0.008179
-0.000814 -0.003339 0.005837
0.003311 0.001354 0.006326
0.001258 -0.000126 0.006360
-0.002606 -0.003378 0.006119
-0.001328 0.000269 0.006251
0.003211 -0.000731 0.003613
0.001201 0.003342 0.006530
0.001207 0.001322 0.004692
-0.003352 0.001290 0.006419
0.002464 -0.003400 0.003920
-0.003547 -0.003442 0.003349
-0.001149 0.003252 0.003868
-0.003348 -0.001427 0.006874
0.001381 -0.002619 0.008356
0.000750 0.000833 0.008446
0.001235 -0.000864 0.008490
0.003274 -0.001288 0.001636
0.002908 -0.003330 0.006228
0.001372 -0.001242 0.004743
0.000078 0.001355 0.006152
-0.002654 0.003461 0.006263
-0.003349 -0.000972 0.003895
-0.000229 0.001033 0.003430
